0;1;1;90;4;48.400000
0;1;1;90;4;69.400000
0;1;1;90;4;97.400000
0;1;1;90;4;62.400000
0;1;1;90;4;62.400000
0;1;1;90;4;97.400000
0;1;1;90;4;62.400000
0;1;1;90;4;41.400000
0;1;1;90;4;104.400000
0;1;1;90;4;76.400000
0;1;1;90;4;69.400000
0;1;1;90;4;83.400000
0;1;1;90;4;62.400000
0;1;1;90;4;90.400000
0;1;1;90;4;83.400000
0;1;1;90;4;69.400000
0;1;1;90;4;104.400000
0;1;1;90;4;69.400000
0;1;1;90;4;90.400000
0;1;1;90;4;97.400000
0;1;1;90;4;62.400000
0;1;1;90;4;83.400000
0;1;1;90;4;104.400000
0;1;1;90;4;62.400000
0;1;1;90;4;83.400000
0;1;1;90;4;62.400000
0;1;1;90;4;104.400000
0;1;1;90;4;76.400000
0;1;1;90;4;97.400000
0;1;1;90;4;83.400000
0;1;1;90;4;104.400000
0;1;1;90;4;83.400000
0;1;1;90;4;90.400000
0;1;1;90;4;90.400000
0;1;1;90;4;90.400000
0;1;1;90;4;83.400000
0;1;1;90;4;90.400000
0;1;1;90;4;83.400000
0;1;1;90;4;83.400000
0;1;1;90;4;97.400000
0;1;1;90;4;90.400000
0;1;1;90;4;90.400000
0;1;1;90;4;90.400000
0;1;1;90;4;10.400000
0;1;1;90;4;76.400000
0;1;1;90;4;97.400000
0;1;1;90;4;97.400000
0;1;1;90;4;104.400000
0;1;1;90;4;83.400000
0;1;1;90;4;83.400000
0;1;1;90;4;76.400000
0;1;1;90;4;69.400000
0;1;1;90;4;83.400000
0;1;1;90;4;76.400000
0;1;1;90;4;104.400000
0;1;1;90;4;104.400000
0;1;1;90;4;69.400000
0;1;1;90;4;97.400000
0;3;3;90;8;202.300000
0;1;1;120;7;48.850000
1;1;1;90;4;39.350000
1;1;1;90;4;60.350000
1;1;1;90;4;53.350000
1;1;1;90;4;123.350000
1;1;1;90;4;214.350000
1;1;1;90;4;81.350000
1;1;1;90;4;60.350000
1;1;1;90;4;74.350000
1;1;1;90;4;60.350000
1;1;1;90;4;123.350000
1;1;1;90;4;123.350000
1;1;1;90;4;67.350000
1;1;1;90;4;130.350000
1;1;1;90;4;60.350000
1;1;1;90;4;81.350000
1;1;1;90;4;137.350000
1;1;1;90;4;60.350000
1;1;1;90;4;95.350000
1;1;1;90;4;88.350000
1;1;1;90;4;81.350000
1;1;1;90;4;123.350000
1;1;1;90;4;88.350000
1;1;1;90;4;116.350000
1;1;1;90;4;123.350000
1;1;1;90;4;130.350000
1;1;1;90;4;102.350000
1;1;1;90;4;130.350000
1;1;1;90;4;88.350000
1;1;1;90;4;123.350000
1;1;1;90;4;88.350000
1;1;1;90;4;109.350000
1;1;1;90;4;130.350000
1;1;1;90;4;130.350000
1;1;1;90;4;144.350000
1;1;1;90;4;123.350000
1;1;1;90;4;130.350000
1;1;1;90;4;130.350000
1;1;1;90;4;109.350000
1;1;1;90;4;137.350000
1;1;1;90;4;116.350000
1;1;1;90;4;144.350000
1;1;1;90;4;95.350000
1;1;1;90;4;109.350000
1;1;1;90;4;116.350000
1;1;1;90;4;81.350000
1;1;1;90;4;95.350000
1;1;1;90;4;116.350000
1;1;1;90;4;123.350000
1;1;1;90;4;151.350000
1;1;1;90;4;74.350000
1;1;1;90;4;130.350000
1;3;3;90;8;256.250000
1;1;1;120;7;67.800000
1;1;3;90;4;125.450000
1;1;3;90;6;105.850000
1;1;1;153;4;71.200000
1;3;1;90;4;150.500000
1;3;3;158;7;250.600000
1;1;3;170;6;60.450000
1;1;3;90;4;60.750000
1;1;3;90;4;67.800000
1;3;3;101;9;154.750000
1;3;1;147;9;148.600000
2;1;1;90;4;30.300000
2;1;1;90;4;51.300000
2;1;1;90;4;44.300000
2;1;1;90;4;128.300000
2;1;1;90;4;206.300000
2;1;1;90;4;58.300000
2;1;1;90;4;65.300000
2;1;1;90;4;51.300000
2;1;1;90;4;128.300000
2;1;1;90;4;121.300000
2;1;1;90;4;65.300000
2;1;1;90;4;128.300000
2;1;1;90;4;51.300000
2;1;1;90;4;142.300000
2;1;1;90;4;51.300000
2;1;1;90;4;100.300000
2;1;1;90;4;100.300000
2;1;1;90;4;72.300000
2;1;1;90;4;114.300000
2;1;1;90;4;93.300000
2;1;1;90;4;107.300000
2;1;1;90;4;170.300000
2;1;1;90;4;100.300000
2;1;1;90;4;128.300000
2;1;1;90;4;79.300000
2;1;1;90;4;142.300000
2;1;1;90;4;121.300000
2;1;1;90;4;128.300000
2;1;1;90;4;163.300000
2;1;1;90;4;149.300000
2;1;1;90;4;135.300000
2;1;1;90;4;135.300000
2;1;1;90;4;149.300000
2;1;1;90;4;121.300000
2;1;1;90;4;156.300000
2;1;1;90;4;191.300000
2;1;1;90;4;142.300000
2;1;1;90;4;93.300000
2;1;1;90;4;121.300000
2;1;1;90;4;254.300000
2;1;1;90;4;79.300000
2;1;1;90;4;107.300000
2;1;1;90;4;121.300000
2;1;1;90;4;121.300000
2;1;1;90;4;184.300000
2;1;1;90;4;55.300000
2;1;1;90;4;149.300000
2;3;3;90;8;303.200000
2;1;1;120;7;65.750000
2;1;3;90;4;207.400000
2;1;3;90;6;159.800000
2;1;1;153;4;69.150000
2;3;1;90;4;148.450000
2;3;3;158;7;248.550000
2;1;3;170;6;156.400000
2;1;3;90;4;121.700000
2;1;3;90;4;65.750000
2;3;3;101;9;215.700000
2;3;1;147;9;146.550000
2;1;3;90;8;98.250000
2;1;1;93;4;43.900000
2;1;1;228;4;45.050000
2;3;3;172;9;159.800000
2;3;1;140;4;147.350000
2;1;7;90;4;62.550000
3;1;1;90;4;21.249999
3;1;1;90;4;42.249999
3;1;1;90;4;35.249999
3;1;1;90;4;126.249999
3;1;1;90;4;56.249999
3;1;1;90;4;42.249999
3;1;1;90;4;126.249999
3;1;1;90;4;119.249999
3;1;1;90;4;119.249999
3;1;1;90;4;42.249999
3;1;1;90;4;217.249999
3;1;1;90;4;42.249999
3;1;1;90;4;91.249999
3;1;1;90;4;154.249999
3;1;1;90;4;70.249999
3;1;1;90;4;112.249999
3;1;1;90;4;105.249999
3;1;1;90;4;168.249999
3;1;1;90;4;91.249999
3;1;1;90;4;119.249999
3;1;1;90;4;70.249999
3;1;1;90;4;140.249999
3;1;1;90;4;140.249999
3;1;1;90;4;140.249999
3;1;1;90;4;154.249999
3;1;1;90;4;140.249999
3;1;1;90;4;96.249999
3;1;1;90;4;133.249999
3;1;1;90;4;140.249999
3;1;1;90;4;133.249999
3;1;1;90;4;154.249999
3;1;1;90;4;224.249999
3;1;1;90;4;140.249999
3;1;1;90;4;91.249999
3;1;1;90;4;119.249999
3;1;1;90;4;252.249999
3;1;1;90;4;77.249999
3;1;1;90;4;112.249999
3;1;1;90;4;112.249999
3;1;1;90;4;119.249999
3;1;1;90;4;182.249999
3;1;1;90;4;140.249999
3;3;3;90;8;294.150000
3;1;1;120;7;56.700000
3;1;3;90;4;198.350000
3;1;3;90;6;213.750000
3;1;1;153;4;67.100000
3;3;1;90;4;160.400000
3;3;3;158;7;246.500000
3;1;3;170;6;210.350000
3;1;3;90;4;189.650000
3;1;3;90;4;70.700000
3;3;3;101;9;241.650000
3;3;1;147;9;144.500000
3;1;3;90;8;159.200000
3;1;1;93;4;41.850000
3;1;1;228;4;43.000000
3;3;3;172;9;171.750000
3;3;1;140;4;145.300000
3;1;7;90;4;53.500000
3;3;1;108;4;155.000000
3;3;1;157;8;176.100000
3;3;3;127;8;177.700000
3;3;3;127;8;178.250000
3;3;1;119;9;150.300000
3;1;3;90;6;64.650000
3;3;3;127;8;185.800000
3;1;3;90;6;57.850000
3;3;5;90;4;145.850000
3;3;1;152;4;153.150000
3;1;5;90;13;109.250000
3;1;5;90;4;70.050000
4;1;1;90;4;12.199999
4;1;1;90;4;33.199999
4;1;1;90;4;26.199999
4;1;1;90;4;117.199999
4;1;1;90;4;47.199999
4;1;1;90;4;33.199999
4;1;1;90;4;117.199999
4;1;1;90;4;117.199999
4;1;1;90;4;117.199999
4;1;1;90;4;33.199999
4;1;1;90;4;215.199999
4;1;1;90;4;33.199999
4;1;1;90;4;89.199999
4;1;1;90;4;222.199999
4;1;1;90;4;103.199999
4;1;1;90;4;103.199999
4;1;1;90;4;96.199999
4;1;1;90;4;159.199999
4;1;1;90;4;89.199999
4;1;1;90;4;124.199999
4;1;1;90;4;61.199999
4;1;1;90;4;131.199999
4;1;1;90;4;138.199999
4;1;1;90;4;131.199999
4;1;1;90;4;152.199999
4;1;1;90;4;131.199999
4;1;1;90;4;94.199999
4;1;1;90;4;124.199999
4;1;1;90;4;145.199999
4;1;1;90;4;131.199999
4;1;1;90;4;145.199999
4;1;1;90;4;222.199999
4;1;1;90;4;131.199999
4;1;1;90;4;96.199999
4;1;1;90;4;124.199999
4;1;1;90;4;250.199999
4;1;1;90;4;75.199999
4;1;1;90;4;25.199999
4;1;1;90;4;110.199999
4;1;1;90;4;124.199999
4;1;1;90;4;180.199999
4;1;1;90;4;138.199999
4;3;3;90;8;355.099999
4;1;1;120;7;47.649999
4;1;3;90;4;357.299999
4;1;3;90;6;260.699999
4;1;1;153;4;58.049999
4;3;1;90;4;151.349999
4;3;3;158;7;244.450000
4;1;3;170;6;362.300000
4;1;3;90;4;194.600000
4;1;3;90;4;124.650000
4;3;3;101;9;246.600000
4;3;1;147;9;142.450000
4;1;3;90;8;192.150000
4;1;1;93;4;60.800000
4;1;1;228;4;33.950000
4;3;3;172;9;246.700000
4;3;1;140;4;143.250000
4;1;7;90;4;44.450000
4;3;1;108;4;152.950000
4;3;1;157;8;167.050000
4;3;3;127;8;182.650000
4;3;3;127;8;183.200000
4;3;1;119;9;141.250000
4;1;3;90;6;69.600000
4;3;3;127;8;204.750000
4;1;3;90;6;69.800000
4;3;5;90;4;136.800000
4;3;1;152;4;144.100000
4;1;5;90;13;142.200000
4;1;5;90;4;75.000000
4;3;5;90;4;141.500000
4;3;8;127;19;170.650000
4;3;5;100;8;178.650000
4;3;1;90;9;179.400000
4;3;1;90;9;179.950000
4;3;1;90;9;180.050000
4;3;3;127;9;166.400000
4;3;1;90;9;180.500000
4;3;1;90;9;222.600000
4;3;1;90;9;146.050000
4;1;1;232;33;54.750000
4;3;1;90;4;148.850000
5;1;1;90;4;3.149999
5;1;1;90;4;24.149999
5;1;1;90;4;17.149999
5;1;1;90;4;122.149999
5;1;1;90;4;38.149999
5;1;1;90;4;24.149999
5;1;1;90;4;108.149999
5;1;1;90;4;115.149999
5;1;1;90;4;115.149999
5;1;1;90;4;24.149999
5;1;1;90;4;206.149999
5;1;1;90;4;24.149999
5;1;1;90;4;87.149999
5;1;1;90;4;220.149999
5;1;1;90;4;94.149999
5;1;1;90;4;101.149999
5;1;1;90;4;94.149999
5;1;1;90;4;157.149999
5;1;1;90;4;80.149999
5;1;1;90;4;115.149999
5;1;1;90;4;59.149999
5;1;1;90;4;129.149999
5;1;1;90;4;136.149999
5;1;1;90;4;122.149999
5;1;1;90;4;150.149999
5;1;1;90;4;129.149999
5;1;1;90;4;127.149999
5;1;1;90;4;122.149999
5;1;1;90;4;143.149999
5;1;1;90;4;129.149999
5;1;1;90;4;143.149999
5;1;1;90;4;220.149999
5;1;1;90;4;129.149999
5;1;1;90;4;94.149999
5;1;1;90;4;115.149999
5;1;1;90;4;241.149999
5;1;1;90;4;66.149999
5;1;1;90;4;23.149999
5;1;1;90;4;101.149999
5;1;1;90;4;115.149999
5;1;1;90;4;178.149999
5;1;1;90;4;129.149999
5;3;3;90;8;360.049999
5;1;1;120;7;38.599999
5;1;3;90;4;348.249999
5;1;3;90;6;251.649999
5;1;1;153;4;55.999999
5;3;1;90;4;149.299999
5;3;3;158;7;242.399999
5;1;3;170;6;353.249999
5;1;3;90;4;185.549999
5;1;3;90;4;122.599999
5;3;3;101;9;244.549999
5;3;1;147;9;133.399999
5;1;3;90;8;190.099999
5;1;1;93;4;58.750000
5;1;1;228;4;31.900000
5;3;3;172;9;244.650000
5;3;1;140;4;134.200000
5;1;7;90;4;35.400000
5;3;1;108;4;150.900000
5;3;1;157;8;165.000000
5;3;3;127;8;180.600000
5;3;3;127;8;181.150000
5;3;1;119;9;132.200000
5;1;3;90;6;60.550000
5;3;3;127;8;202.700000
5;1;3;90;6;67.750000
5;3;5;90;4;127.750000
5;3;1;152;4;135.050000
5;1;5;90;13;147.150000
5;1;5;90;4;79.950000
5;3;5;90;4;132.450000
5;3;8;127;19;238.600000
5;3;5;100;8;183.600000
5;3;1;90;9;170.350000
5;3;1;90;9;170.900000
5;3;1;90;9;171.000000
5;3;3;127;9;164.350000
5;3;1;90;9;171.450000
5;3;1;90;9;213.550000
5;3;1;90;9;144.000000
5;1;1;232;33;45.700000
5;3;1;90;4;139.800000
5;6;1;90;15;291.700000
5;1;1;136;4;42.500000
5;1;5;113;4;42.600000
5;1;3;218;4;44.700000
5;7;5;132;11;379.900000
5;1;1;90;11;84.350000
5;7;16;201;33;350.000000
6;1;1;90;4;15.099999
6;1;1;90;4;8.099999
6;1;1;90;4;113.099999
6;1;1;90;4;29.099999
6;1;1;90;4;15.099999
6;1;1;90;4;99.099999
6;1;1;90;4;106.099999
6;1;1;90;4;106.099999
6;1;1;90;4;15.099999
6;1;1;90;4;211.099999
6;1;1;90;4;15.099999
6;1;1;90;4;78.099999
6;1;1;90;4;218.099999
6;1;1;90;4;85.099999
6;1;1;90;4;92.099999
6;1;1;90;4;85.099999
6;1;1;90;4;148.099999
6;1;1;90;4;71.099999
6;1;1;90;4;113.099999
6;1;1;90;4;57.099999
6;1;1;90;4;120.099999
6;1;1;90;4;127.099999
6;1;1;90;4;120.099999
6;1;1;90;4;141.099999
6;1;1;90;4;120.099999
6;1;1;90;4;118.099999
6;1;1;90;4;113.099999
6;1;1;90;4;134.099999
6;1;1;90;4;120.099999
6;1;1;90;4;134.099999
6;1;1;90;4;211.099999
6;1;1;90;4;120.099999
6;1;1;90;4;92.099999
6;1;1;90;4;113.099999
6;1;1;90;4;239.099999
6;1;1;90;4;64.099999
6;1;1;90;4;14.099999
6;1;1;90;4;92.099999
6;1;1;90;4;106.099999
6;1;1;90;4;169.099999
6;1;1;90;4;120.099999
6;3;3;90;8;364.999999
6;1;1;120;7;29.549999
6;1;3;90;4;353.199999
6;1;3;90;6;256.599999
6;1;1;153;4;46.949999
6;3;1;90;4;140.249999
6;3;3;158;7;247.349999
6;1;3;170;6;358.199999
6;1;3;90;4;190.499999
6;1;3;90;4;120.549999
6;3;3;101;9;249.499999
6;3;1;147;9;131.349999
6;1;3;90;8;195.049999
6;1;1;93;4;49.699999
6;1;1;228;4;22.849999
6;3;3;172;9;249.599999
6;3;1;140;4;132.149999
6;1;7;90;4;26.349999
6;3;1;108;4;141.849999
6;3;1;157;8;155.949999
6;3;3;127;8;171.549999
6;3;3;127;8;179.099999
6;3;1;119;9;123.149999
6;1;3;90;6;107.500000
6;3;3;127;8;200.650000
6;1;3;90;6;72.700000
6;3;5;90;4;118.700000
6;3;1;152;4;126.000000
6;1;5;90;13;152.100000
6;1;5;90;4;84.900000
6;3;5;90;4;123.400000
6;3;8;127;19;229.550000
6;3;5;100;8;188.550000
6;3;1;90;9;161.300000
6;3;1;90;9;161.850000
6;3;1;90;9;161.950000
6;3;3;127;9;162.300000
6;3;1;90;9;162.400000
6;3;1;90;9;211.500000
6;3;1;90;9;134.950000
6;1;1;232;33;43.650000
6;3;1;90;4;137.750000
6;6;1;90;15;282.650000
6;1;1;136;4;33.450000
6;1;5;113;4;68.550000
6;1;3;218;4;49.650000
6;7;5;132;11;370.850000
6;1;1;90;11;75.300000
6;7;16;201;33;347.950000
6;6;7;302;4;312.200000
6;5;6;90;4;255.350000
6;3;6;90;6;148.950000
6;1;1;131;15;43.550000
6;3;1;93;4;180.000000
6;3;1;93;4;145.600000
6;3;3;90;9;146.450000
6;3;7;140;13;146.700000
7;1;1;90;4;6.049999
7;1;1;90;4;111.049999
7;1;1;90;4;20.049999
7;1;1;90;4;6.049999
7;1;1;90;4;90.049999
7;1;1;90;4;97.049999
7;1;1;90;4;104.049999
7;1;1;90;4;6.049999
7;1;1;90;4;349.049999
7;1;1;90;4;6.049999
7;1;1;90;4;76.049999
7;1;1;90;4;209.049999
7;1;1;90;4;76.049999
7;1;1;90;4;90.049999
7;1;1;90;4;83.049999
7;1;1;90;4;139.049999
7;1;1;90;4;62.049999
7;1;1;90;4;104.049999
7;1;1;90;4;48.049999
7;1;1;90;4;111.049999
7;1;1;90;4;118.049999
7;1;1;90;4;111.049999
7;1;1;90;4;132.049999
7;1;1;90;4;111.049999
7;1;1;90;4;116.049999
7;1;1;90;4;111.049999
7;1;1;90;4;125.049999
7;1;1;90;4;111.049999
7;1;1;90;4;125.049999
7;1;1;90;4;202.049999
7;1;1;90;4;111.049999
7;1;1;90;4;83.049999
7;1;1;90;4;104.049999
7;1;1;90;4;237.049999
7;1;1;90;4;55.049999
7;1;1;90;4;5.049999
7;1;1;90;4;90.049999
7;1;1;90;4;104.049999
7;1;1;90;4;167.049999
7;1;1;90;4;118.049999
7;3;3;90;8;355.949999
7;1;1;120;7;20.499999
7;1;3;90;4;358.149999
7;1;3;90;6;254.549999
7;1;1;153;4;37.899999
7;3;1;90;4;131.199999
7;3;3;158;7;238.299999
7;1;3;170;6;356.149999
7;1;3;90;4;188.449999
7;1;3;90;4;118.499999
7;3;3;101;9;247.449999
7;3;1;147;9;122.299999
7;1;3;90;8;185.999999
7;1;1;93;4;40.649999
7;1;1;228;4;13.799999
7;3;3;172;9;247.549999
7;3;1;140;4;123.099999
7;1;7;90;4;17.299999
7;3;1;108;4;132.799999
7;3;1;157;8;153.899999
7;3;3;127;8;169.499999
7;3;3;127;8;170.049999
7;3;1;119;9;114.099999
7;1;3;90;6;112.449999
7;3;3;127;8;198.599999
7;1;3;90;6;70.649999
7;3;5;90;4;109.649999
7;3;1;152;4;123.949999
7;1;5;90;13;178.049999
7;1;5;90;4;82.849999
7;3;5;90;4;114.349999
7;3;8;127;19;234.499999
7;3;5;100;8;193.500000
7;3;1;90;9;152.250000
7;3;1;90;9;152.800000
7;3;1;90;9;152.900000
7;3;3;127;9;160.250000
7;3;1;90;9;153.350000
7;3;1;90;9;202.450000
7;3;1;90;9;125.900000
7;1;1;232;33;34.600000
7;3;1;90;4;128.700000
7;6;1;90;15;273.600000
7;1;1;136;4;24.400000
7;1;5;113;4;73.500000
7;1;3;218;4;40.600000
7;7;5;132;11;382.800000
7;1;1;90;11;66.250000
7;7;16;201;33;338.900000
7;6;7;302;4;310.150000
7;5;6;90;4;253.300000
7;3;6;90;6;146.900000
7;1;1;131;15;41.500000
7;3;1;93;4;177.950000
7;3;1;93;4;136.550000
7;3;3;90;9;137.400000
7;3;7;140;13;137.650000
7;1;1;133;4;41.500000
7;3;1;129;7;142.150000
7;1;3;90;7;50.850000
8;1;1;90;4;101.949999
8;1;1;90;4;10.949999
8;1;1;90;4;80.949999
8;1;1;90;4;87.949999
8;1;1;90;4;94.949999
8;1;1;90;4;3.949999
8;1;1;90;4;339.949999
8;1;1;90;4;73.949999
8;1;1;90;4;199.949999
8;1;1;90;4;73.949999
8;1;1;90;4;80.949999
8;1;1;90;4;73.949999
8;1;1;90;4;136.949999
8;1;1;90;4;52.949999
8;1;1;90;4;101.949999
8;1;1;90;4;45.949999
8;1;1;90;4;101.949999
8;1;1;90;4;108.949999
8;1;1;90;4;115.949999
8;1;1;90;4;129.949999
8;1;1;90;4;101.949999
8;1;1;90;4;113.949999
8;1;1;90;4;101.949999
8;1;1;90;4;115.949999
8;1;1;90;4;108.949999
8;1;1;90;4;115.949999
8;1;1;90;4;199.949999
8;1;1;90;4;101.949999
8;1;1;90;4;80.949999
8;1;1;90;4;101.949999
8;1;1;90;4;227.949999
8;1;1;90;4;192.949999
8;1;1;90;4;80.949999
8;1;1;90;4;101.949999
8;1;1;90;4;157.949999
8;1;1;90;4;108.949999
8;3;3;90;8;353.849999
8;1;1;120;7;11.399999
8;1;3;90;4;349.049999
8;1;3;90;6;252.449999
8;1;1;153;4;35.799999
8;3;1;90;4;129.099999
8;3;3;158;7;243.199999
8;1;3;170;6;354.049999
8;1;3;90;4;235.349999
8;1;3;90;4;109.399999
8;3;3;101;9;259.349999
8;3;1;147;9;113.199999
8;1;3;90;8;183.899999
8;1;1;93;4;38.549999
8;1;1;228;4;4.699999
8;3;3;172;9;266.449999
8;3;1;140;4;113.999999
8;1;7;90;4;8.199999
8;3;1;108;4;123.699999
8;3;1;157;8;144.799999
8;3;3;127;8;251.399999
8;3;3;127;8;167.949999
8;3;1;119;9;104.999999
8;1;3;90;6;103.349999
8;3;3;127;8;189.499999
8;1;3;90;6;103.549999
8;3;5;90;4;100.549999
8;3;1;152;4;114.849999
8;1;5;90;13;182.949999
8;1;5;90;4;80.749999
8;3;5;90;4;105.249999
8;3;8;127;19;225.399999
8;3;5;100;8;212.399999
8;3;1;90;9;143.149999
8;3;1;90;9;143.699999
8;3;1;90;9;143.799999
8;3;3;127;9;151.149999
8;3;1;90;9;144.249999
8;3;1;90;9;200.349999
8;3;1;90;9;116.799999
8;1;1;232;33;32.499999
8;3;1;90;4;126.599999
8;6;1;90;15;264.499999
8;1;1;136;4;15.299999
8;1;5;113;4;71.399999
8;1;3;218;4;45.500000
8;7;5;132;11;380.700000
8;1;1;90;11;57.150000
8;7;16;201;33;329.800000
8;6;7;302;4;301.050000
8;5;6;90;4;258.200000
8;3;6;90;6;137.800000
8;1;1;131;15;32.400000
8;3;1;93;4;168.850000
8;3;1;93;4;127.450000
8;3;3;90;9;135.300000
8;3;7;140;13;128.550000
8;1;1;133;4;32.400000
8;3;1;129;7;140.050000
8;1;3;90;7;41.750000
8;1;1;90;4;50.850000
8;3;1;168;4;179.500000
8;3;1;168;4;159.050000
8;3;1;168;4;152.100000
8;3;5;119;8;146.250000
8;13;25;369;4;649.850000
9;1;1;90;4;92.899999
9;1;1;90;4;1.899999
9;1;1;90;4;85.899999
9;1;1;90;4;78.899999
9;1;1;90;4;85.899999
9;1;1;90;4;330.899999
9;1;1;90;4;64.899999
9;1;1;90;4;190.899999
9;1;1;90;4;64.899999
9;1;1;90;4;71.899999
9;1;1;90;4;64.899999
9;1;1;90;4;127.899999
9;1;1;90;4;43.899999
9;1;1;90;4;92.899999
9;1;1;90;4;43.899999
9;1;1;90;4;92.899999
9;1;1;90;4;106.899999
9;1;1;90;4;106.899999
9;1;1;90;4;127.899999
9;1;1;90;4;92.899999
9;1;1;90;4;104.899999
9;1;1;90;4;92.899999
9;1;1;90;4;106.899999
9;1;1;90;4;106.899999
9;1;1;90;4;106.899999
9;1;1;90;4;190.899999
9;1;1;90;4;99.899999
9;1;1;90;4;71.899999
9;1;1;90;4;92.899999
9;1;1;90;4;225.899999
9;1;1;90;4;183.899999
9;1;1;90;4;78.899999
9;1;1;90;4;99.899999
9;1;1;90;4;148.899999
9;1;1;90;4;99.899999
9;3;3;90;8;372.799999
9;1;1;120;7;2.349999
9;1;3;90;4;346.999999
9;1;3;90;6;250.399999
9;1;1;153;4;26.749999
9;3;1;90;4;120.049999
9;3;3;158;7;255.149999
9;1;3;170;6;351.999999
9;1;3;90;4;226.299999
9;1;3;90;4;107.349999
9;3;3;101;9;257.299999
9;3;1;147;9;104.149999
9;1;3;90;8;195.849999
9;1;1;93;4;29.499999
9;3;3;172;9;278.399999
9;3;1;140;4;104.949999
9;3;1;108;4;121.649999
9;3;1;157;8;135.749999
9;3;3;127;8;256.349999
9;3;3;127;8;200.899999
9;3;1;119;9;95.949999
9;1;3;90;6;101.299999
9;3;3;127;8;187.449999
9;1;3;90;6;101.499999
9;3;5;90;4;91.499999
9;3;1;152;4;105.799999
9;1;5;90;13;194.899999
9;1;5;90;4;85.699999
9;3;5;90;4;96.199999
9;3;8;127;19;216.349999
9;3;5;100;8;217.349999
9;3;1;90;9;141.099999
9;3;1;90;9;141.649999
9;3;1;90;9;141.749999
9;3;3;127;9;149.099999
9;3;1;90;9;142.199999
9;3;1;90;9;191.299999
9;3;1;90;9;114.749999
9;1;1;232;33;23.449999
9;3;1;90;4;117.549999
9;6;1;90;15;255.449999
9;1;1;136;4;13.249999
9;1;5;113;4;76.349999
9;1;3;218;4;50.449999
9;7;5;132;11;392.649999
9;1;1;90;11;55.099999
9;7;16;201;33;320.749999
9;6;7;302;4;291.999999
9;5;6;90;4;256.149999
9;3;6;90;6;128.749999
9;1;1;131;15;23.349999
9;3;1;93;4;159.800000
9;3;1;93;4;125.400000
9;3;3;90;9;147.250000
9;3;7;140;13;119.500000
9;1;1;133;4;23.350000
9;3;1;129;7;131.000000
9;1;3;90;7;39.700000
9;1;1;90;4;41.800000
9;3;1;168;4;170.450000
9;3;1;168;4;150.000000
9;3;1;168;4;143.050000
9;3;5;119;8;158.200000
9;13;25;369;4;640.800000
9;6;7;90;4;357.400000
9;1;5;90;13;93.900000
9;3;1;138;6;145.750000
9;1;7;90;12;82.050000
9;11;11;90;6;563.700000
10;1;1;90;4;104.799999
10;1;1;90;4;76.799999
10;1;1;90;4;76.799999
10;1;1;90;4;76.799999
10;1;1;90;4;328.799999
10;1;1;90;4;55.799999
10;1;1;90;4;181.799999
10;1;1;90;4;55.799999
10;1;1;90;4;118.799999
10;1;1;90;4;69.799999
10;1;1;90;4;125.799999
10;1;1;90;4;34.799999
10;1;1;90;4;83.799999
10;1;1;90;4;41.799999
10;1;1;90;4;83.799999
10;1;1;90;4;104.799999
10;1;1;90;4;97.799999
10;1;1;90;4;125.799999
10;1;1;90;4;83.799999
10;1;1;90;4;102.799999
10;1;1;90;4;83.799999
10;1;1;90;4;104.799999
10;1;1;90;4;97.799999
10;1;1;90;4;104.799999
10;1;1;90;4;181.799999
10;1;1;90;4;90.799999
10;1;1;90;4;69.799999
10;1;1;90;4;90.799999
10;1;1;90;4;223.799999
10;1;1;90;4;174.799999
10;1;1;90;4;76.799999
10;1;1;90;4;97.799999
10;1;1;90;4;139.799999
10;1;1;90;4;90.799999
10;3;3;90;8;370.699999
10;1;3;90;4;337.899999
10;1;3;90;6;248.299999
10;1;1;153;4;17.649999
10;3;1;90;4;110.949999
10;3;3;158;7;253.049999
10;1;3;170;6;349.899999
10;1;3;90;4;224.199999
10;1;3;90;4;98.249999
10;3;3;101;9;262.199999
10;3;1;147;9;95.049999
10;1;3;90;8;193.749999
10;1;1;93;4;20.399999
10;3;3;172;9;283.299999
10;3;1;140;4;95.849999
10;3;1;108;4;119.549999
10;3;1;157;8;126.649999
10;3;3;127;8;254.249999
10;3;3;127;8;198.799999
10;3;1;119;9;86.849999
10;1;3;90;6;92.199999
10;3;3;127;8;178.349999
10;1;3;90;6;106.399999
10;3;5;90;4;82.399999
10;3;1;152;4;96.699999
10;1;5;90;13;192.799999
10;1;5;90;4;97.599999
10;3;5;90;4;87.099999
10;3;8;127;19;207.249999
10;3;5;100;8;243.249999
10;3;1;90;9;131.999999
10;3;1;90;9;132.549999
10;3;1;90;9;132.649999
10;3;3;127;9;139.999999
10;3;1;90;9;133.099999
10;3;1;90;9;182.199999
10;3;1;90;9;105.649999
10;1;1;232;33;14.349999
10;3;1;90;4;108.449999
10;6;1;90;15;246.349999
10;1;1;136;4;4.149999
10;1;5;113;4;81.249999
10;1;3;218;4;48.349999
10;7;5;132;11;390.549999
10;1;1;90;11;52.999999
10;7;16;201;33;311.649999
10;6;7;302;4;282.899999
10;5;6;90;4;289.049999
10;3;6;90;6;119.649999
10;1;1;131;15;14.249999
10;3;1;93;4;150.699999
10;3;1;93;4;123.299999
10;3;3;90;9;145.149999
10;3;7;140;13;110.399999
10;1;1;133;4;21.249999
10;3;1;129;7;128.899999
10;1;3;90;7;30.600000
10;1;1;90;4;32.700000
10;3;1;168;4;161.350000
10;3;1;168;4;147.900000
10;3;1;168;4;140.950000
10;3;5;119;8;156.100000
10;13;25;369;4;631.700000
10;6;7;90;4;348.300000
10;1;5;90;13;105.800000
10;3;1;138;6;143.650000
10;1;7;90;12;79.950000
10;11;11;90;6;575.600000
10;9;9;162;4;470.150000
10;1;1;166;15;42.750000
10;5;7;110;4;243.700000
10;1;1;90;4;43.800000
10;6;6;147;4;295.150000
10;3;1;90;7;145.550000
10;1;3;147;8;48.900000
11;1;1;90;4;95.749998
11;1;1;90;4;67.749998
11;1;1;90;4;67.749998
11;1;1;90;4;67.749998
11;1;1;90;4;319.749998
11;1;1;90;4;46.749998
11;1;1;90;4;179.749998
11;1;1;90;4;46.749998
11;1;1;90;4;109.749998
11;1;1;90;4;60.749998
11;1;1;90;4;116.749998
11;1;1;90;4;25.749998
11;1;1;90;4;74.749998
11;1;1;90;4;32.749998
11;1;1;90;4;81.749998
11;1;1;90;4;95.749998
11;1;1;90;4;95.749998
11;1;1;90;4;116.749998
11;1;1;90;4;81.749998
11;1;1;90;4;93.749998
11;1;1;90;4;81.749998
11;1;1;90;4;95.749998
11;1;1;90;4;88.749998
11;1;1;90;4;95.749998
11;1;1;90;4;179.749998
11;1;1;90;4;88.749998
11;1;1;90;4;60.749998
11;1;1;90;4;81.749998
11;1;1;90;4;214.749998
11;1;1;90;4;172.749998
11;1;1;90;4;74.749998
11;1;1;90;4;102.749998
11;1;1;90;4;137.749998
11;1;1;90;4;88.749998
11;3;3;90;8;375.649998
11;1;3;90;4;363.849999
11;1;3;90;6;246.249999
11;1;1;153;4;15.599999
11;3;1;90;4;101.899999
11;3;3;158;7;250.999999
11;1;3;170;6;347.849999
11;1;3;90;4;215.149999
11;1;3;90;4;103.199999
11;3;3;101;9;253.149999
11;3;1;147;9;85.999999
11;1;3;90;8;191.699999
11;1;1;93;4;11.349999
11;3;3;172;9;274.249999
11;3;1;140;4;93.799999
11;3;1;108;4;110.499999
11;3;1;157;8;117.599999
11;3;3;127;8;259.199999
11;3;3;127;8;196.749999
11;3;1;119;9;77.799999
11;1;3;90;6;97.149999
11;3;3;127;8;183.299999
11;1;3;90;6;97.349999
11;3;5;90;4;73.349999
11;3;1;152;4;87.649999
11;1;5;90;13;190.749999
11;1;5;90;4;102.549999
11;3;5;90;4;78.049999
11;3;8;127;19;198.199999
11;3;5;100;8;262.199999
11;3;1;90;9;122.949999
11;3;1;90;9;123.499999
11;3;1;90;9;123.599999
11;3;3;127;9;144.949999
11;3;1;90;9;124.049999
11;3;1;90;9;173.149999
11;3;1;90;9;96.599999
11;1;1;232;33;5.299999
11;3;1;90;4;99.399999
11;6;1;90;15;244.299999
11;1;1;136;4;2.099999
11;1;5;113;4;79.199999
11;1;3;218;4;46.299999
11;7;5;132;11;388.499999
11;1;1;90;11;43.949999
11;7;16;201;33;302.599999
11;6;7;302;4;273.849999
11;5;6;90;4;293.999999
11;3;6;90;6;110.599999
11;1;1;131;15;12.199999
11;3;1;93;4;148.649999
11;3;1;93;4;114.249999
11;3;3;90;9;150.099999
11;3;7;140;13;101.349999
11;1;1;133;4;12.199999
11;3;1;129;7;119.849999
11;1;3;90;7;35.549999
11;1;1;90;4;30.650000
11;3;1;168;4;159.300000
11;3;1;168;4;138.850000
11;3;1;168;4;131.900000
11;3;5;119;8;161.050000
11;13;25;369;4;622.650000
11;6;7;90;4;339.250000
11;1;5;90;13;96.750000
11;3;1;138;6;134.600000
11;1;7;90;12;133.900000
11;11;11;90;6;566.550000
11;9;9;162;4;461.100000
11;1;1;166;15;33.700000
11;5;7;110;4;234.650000
11;1;1;90;4;34.750000
11;6;6;147;4;286.100000
11;3;1;90;7;136.500000
11;1;3;147;8;46.850000
11;3;11;93;18;204.250000
11;1;5;90;9;57.550000
11;1;1;103;4;44.000000
11;1;3;232;4;72.800000
11;1;1;168;4;61.600000
11;1;3;90;4;48.250000
11;7;5;152;16;348.550000
11;1;3;90;4;48.950000
12;1;1;90;4;93.699998
12;1;1;90;4;58.699998
12;1;1;90;4;58.699998
12;1;1;90;4;58.699998
12;1;1;90;4;310.699998
12;1;1;90;4;44.699998
12;1;1;90;4;170.699998
12;1;1;90;4;37.699998
12;1;1;90;4;107.699998
12;1;1;90;4;51.699998
12;1;1;90;4;107.699998
12;1;1;90;4;16.699998
12;1;1;90;4;65.699998
12;1;1;90;4;30.699998
12;1;1;90;4;72.699998
12;1;1;90;4;93.699998
12;1;1;90;4;86.699998
12;1;1;90;4;107.699998
12;1;1;90;4;72.699998
12;1;1;90;4;91.699998
12;1;1;90;4;72.699998
12;1;1;90;4;93.699998
12;1;1;90;4;79.699998
12;1;1;90;4;86.699998
12;1;1;90;4;177.699998
12;1;1;90;4;79.699998
12;1;1;90;4;51.699998
12;1;1;90;4;79.699998
12;1;1;90;4;205.699998
12;1;1;90;4;163.699998
12;1;1;90;4;72.699998
12;1;1;90;4;93.699998
12;1;1;90;4;128.699998
12;1;1;90;4;79.699998
12;3;3;90;8;373.599998
12;1;3;90;4;361.799998
12;1;3;90;6;237.199998
12;1;1;153;4;6.549998
12;3;1;90;4;99.849998
12;3;3;158;7;241.949998
12;1;3;170;6;338.799998
12;1;3;90;4;220.099998
12;1;3;90;4;94.149998
12;3;3;101;9;251.099998
12;3;1;147;9;76.949998
12;1;3;90;8;196.649999
12;1;1;93;4;9.299999
12;3;3;172;9;272.199999
12;3;1;140;4;84.749999
12;3;1;108;4;115.449999
12;3;1;157;8;108.549999
12;3;3;127;8;257.149999
12;3;3;127;8;187.699999
12;3;1;119;9;68.749999
12;1;3;90;6;88.099999
12;3;3;127;8;174.249999
12;1;3;90;6;95.299999
12;3;5;90;4;64.299999
12;3;1;152;4;85.599999
12;1;5;90;13;195.699999
12;1;5;90;4;100.499999
12;3;5;90;4;68.999999
12;3;8;127;19;189.149999
12;3;5;100;8;260.149999
12;3;1;90;9;120.899999
12;3;1;90;9;121.449999
12;3;1;90;9;121.549999
12;3;3;127;9;149.899999
12;3;1;90;9;121.999999
12;3;1;90;9;171.099999
12;3;1;90;9;94.549999
12;1;1;232;33;10.249999
12;3;1;90;4;97.349999
12;6;1;90;15;235.249999
12;1;5;113;4;70.149999
12;1;3;218;4;37.249999
12;7;5;132;11;386.449999
12;1;1;90;11;41.899999
12;7;16;201;33;293.549999
12;6;7;302;4;264.799999
12;5;6;90;4;284.949999
12;3;6;90;6;101.549999
12;1;1;131;15;3.149999
12;3;1;93;4;139.599999
12;3;1;93;4;105.199999
12;3;3;90;9;141.049999
12;3;7;140;13;92.299999
12;1;1;133;4;3.149999
12;3;1;129;7;124.799999
12;1;3;90;7;33.499999
12;1;1;90;4;21.599999
12;3;1;168;4;150.249999
12;3;1;168;4;129.799999
12;3;1;168;4;122.849999
12;3;5;119;8;228.999999
12;13;25;369;4;613.599999
12;6;7;90;4;330.200000
12;1;5;90;13;101.700000
12;3;1;138;6;125.550000
12;1;7;90;12;131.850000
12;11;11;90;6;557.500000
12;9;9;162;4;452.050000
12;1;1;166;15;31.650000
12;5;7;110;4;225.600000
12;1;1;90;4;25.700000
12;6;6;147;4;277.050000
12;3;1;90;7;134.450000
12;1;3;147;8;51.800000
12;3;11;93;18;195.200000
12;1;5;90;9;48.500000
12;1;1;103;4;34.950000
12;1;3;232;4;70.750000
12;1;1;168;4;52.550000
12;1;3;90;4;46.200000
12;7;5;152;16;353.500000
12;1;3;90;4;39.900000
12;6;7;90;11;312.950000
12;1;5;90;16;56.050000
12;6;1;90;9;292.550000
12;7;3;90;11;345.600000
12;1;3;90;8;46.050000
12;1;1;100;4;46.550000
12;3;1;90;4;146.650000
12;1;1;223;30;47.100000
12;3;1;171;4;147.300000
12;1;5;90;9;49.800000
13;1;1;90;4;84.649998
13;1;1;90;4;49.649998
13;1;1;90;4;56.649998
13;1;1;90;4;49.649998
13;1;1;90;4;301.649998
13;1;1;90;4;42.649998
13;1;1;90;4;168.649998
13;1;1;90;4;28.649998
13;1;1;90;4;98.649998
13;1;1;90;4;42.649998
13;1;1;90;4;105.649998
13;1;1;90;4;7.649998
13;1;1;90;4;56.649998
13;1;1;90;4;21.649998
13;1;1;90;4;70.649998
13;1;1;90;4;84.649998
13;1;1;90;4;77.649998
13;1;1;90;4;98.649998
13;1;1;90;4;70.649998
13;1;1;90;4;89.649998
13;1;1;90;4;70.649998
13;1;1;90;4;91.649998
13;1;1;90;4;70.649998
13;1;1;90;4;77.649998
13;1;1;90;4;168.649998
13;1;1;90;4;77.649998
13;1;1;90;4;42.649998
13;1;1;90;4;70.649998
13;1;1;90;4;196.649998
13;1;1;90;4;154.649998
13;1;1;90;4;70.649998
13;1;1;90;4;84.649998
13;1;1;90;4;126.649998
13;1;1;90;4;70.649998
13;3;3;90;8;413.549998
13;1;3;90;4;359.749998
13;1;3;90;6;235.149998
13;3;1;90;4;90.799998
13;3;3;158;7;246.899998
13;1;3;170;6;336.749998
13;1;3;90;4;211.049998
13;1;3;90;4;92.099998
13;3;3;101;9;242.049998
13;3;1;147;9;74.899998
13;1;3;90;8;194.599998
13;1;1;93;4;0.249998
13;3;3;172;9;263.149998
13;3;1;140;4;75.699998
13;3;1;108;4;106.399999
13;3;1;157;8;99.499999
13;3;3;127;8;297.099999
13;3;3;127;8;185.649999
13;3;1;119;9;59.699999
13;1;3;90;6;86.049999
13;3;3;127;8;172.199999
13;1;3;90;6;86.249999
13;3;5;90;4;55.249999
13;3;1;152;4;76.549999
13;1;5;90;13;193.649999
13;1;5;90;4;98.449999
13;3;5;90;4;59.949999
13;3;8;127;19;180.099999
13;3;5;100;8;307.099999
13;3;1;90;9;111.849999
13;3;1;90;9;112.399999
13;3;1;90;9;112.499999
13;3;3;127;9;147.849999
13;3;1;90;9;112.949999
13;3;1;90;9;169.049999
13;3;1;90;9;85.499999
13;1;1;232;33;1.199999
13;3;1;90;4;95.299999
13;6;1;90;15;233.199999
13;1;5;113;4;68.099999
13;1;3;218;4;35.199999
13;7;5;132;11;391.399999
13;1;1;90;11;32.849999
13;7;16;201;33;284.499999
13;6;7;302;4;255.749999
13;5;6;90;4;275.899999
13;3;6;90;6;92.499999
13;3;1;93;4;137.549999
13;3;1;93;4;103.149999
13;3;3;90;9;138.999999
13;3;7;140;13;83.249999
13;3;1;129;7;115.749999
13;1;3;90;7;31.449999
13;1;1;90;4;12.549999
13;3;1;168;4;141.199999
13;3;1;168;4;120.749999
13;3;1;168;4;113.799999
13;3;5;119;8;233.949999
13;13;25;369;4;604.549999
13;6;7;90;4;321.149999
13;1;5;90;13;106.649999
13;3;1;138;6;123.499999
13;1;7;90;12;122.799999
13;11;11;90;6;548.449999
13;9;9;162;4;442.999999
13;1;1;166;15;29.599999
13;5;7;110;4;216.550000
13;1;1;90;4;16.650000
13;6;6;147;4;268.000000
13;3;1;90;7;125.400000
13;1;3;147;8;49.750000
13;3;11;93;18;186.150000
13;1;5;90;9;39.450000
13;1;1;103;4;39.900000
13;1;3;232;4;68.700000
13;1;1;168;4;43.500000
13;1;3;90;4;44.150000
13;7;5;152;16;351.450000
13;1;3;90;4;37.850000
13;6;7;90;11;317.900000
13;1;5;90;16;54.000000
13;6;1;90;9;283.500000
13;7;3;90;11;343.550000
13;1;3;90;8;44.000000
13;1;1;100;4;37.500000
13;3;1;90;4;137.600000
13;1;1;223;30;38.050000
13;3;1;171;4;145.250000
13;1;5;90;9;47.750000
13;5;5;99;4;257.500000
13;3;1;90;6;144.400000
13;1;1;166;4;47.400000
14;1;1;90;4;82.599998
14;1;1;90;4;40.599998
14;1;1;90;4;47.599998
14;1;1;90;4;40.599998
14;1;1;90;4;299.599998
14;1;1;90;4;33.599998
14;1;1;90;4;159.599998
14;1;1;90;4;19.599998
14;1;1;90;4;96.599998
14;1;1;90;4;33.599998
14;1;1;90;4;96.599998
14;1;1;90;4;47.599998
14;1;1;90;4;12.599998
14;1;1;90;4;68.599998
14;1;1;90;4;75.599998
14;1;1;90;4;82.599998
14;1;1;90;4;89.599998
14;1;1;90;4;61.599998
14;1;1;90;4;80.599998
14;1;1;90;4;61.599998
14;1;1;90;4;82.599998
14;1;1;90;4;68.599998
14;1;1;90;4;82.599998
14;1;1;90;4;159.599998
14;1;1;90;4;68.599998
14;1;1;90;4;33.599998
14;1;1;90;4;61.599998
14;1;1;90;4;187.599998
14;1;1;90;4;145.599998
14;1;1;90;4;68.599998
14;1;1;90;4;75.599998
14;1;1;90;4;117.599998
14;1;1;90;4;61.599998
14;3;3;90;8;404.499998
14;1;3;90;4;350.699998
14;1;3;90;6;240.099998
14;3;1;90;4;81.749998
14;3;3;158;7;237.849998
14;1;3;170;6;348.699998
14;1;3;90;4;208.999998
14;1;3;90;4;97.049998
14;3;3;101;9;260.999998
14;3;1;147;9;72.849998
14;1;3;90;8;185.549998
14;3;3;172;9;268.099998
14;3;1;140;4;73.649998
14;3;1;108;4;97.349998
14;3;1;157;8;104.449998
14;3;3;127;8;344.049998
14;3;3;127;8;183.599998
14;3;1;119;9;57.649998
14;1;3;90;6;90.999998
14;3;3;127;8;177.149998
14;1;3;90;6;112.199998
14;3;5;90;4;46.199998
14;3;1;152;4;67.499998
14;1;5;90;13;184.599998
14;1;5;90;4;131.399999
14;3;5;90;4;50.899999
14;3;8;127;19;171.049999
14;3;5;100;8;312.049999
14;3;1;90;9;109.799999
14;3;1;90;9;110.349999
14;3;1;90;9;110.449999
14;3;3;127;9;145.799999
14;3;1;90;9;110.899999
14;3;1;90;9;159.999999
14;3;1;90;9;90.449999
14;3;1;90;4;86.249999
14;6;1;90;15;224.149999
14;1;5;113;4;73.049999
14;1;3;218;4;40.149999
14;7;5;132;11;389.349999
14;1;1;90;11;23.799999
14;7;16;201;33;275.449999
14;6;7;302;4;246.699999
14;5;6;90;4;266.849999
14;3;6;90;6;83.449999
14;3;1;93;4;128.499999
14;3;1;93;4;94.099999
14;3;3;90;9;143.949999
14;3;7;140;13;74.199999
14;3;1;129;7;113.699999
14;1;3;90;7;29.399999
14;1;1;90;4;3.499999
14;3;1;168;4;132.149999
14;3;1;168;4;111.699999
14;3;1;168;4;104.749999
14;3;5;119;8;231.899999
14;13;25;369;4;595.499999
14;6;7;90;4;312.099999
14;1;5;90;13;104.599999
14;3;1;138;6;114.449999
14;1;7;90;12;113.749999
14;11;11;90;6;539.399999
14;9;9;162;4;433.949999
14;1;1;166;15;20.549999
14;5;7;110;4;207.499999
14;1;1;90;4;14.599999
14;6;6;147;4;258.949999
14;3;1;90;7;116.349999
14;1;3;147;8;40.699999
14;3;11;93;18;177.099999
14;1;5;90;9;30.399999
14;1;1;103;4;30.850000
14;1;3;232;4;66.650000
14;1;1;168;4;41.450000
14;1;3;90;4;42.100000
14;7;5;152;16;349.400000
14;1;3;90;4;42.800000
14;6;7;90;11;329.850000
14;1;5;90;16;58.950000
14;6;1;90;9;281.450000
14;7;3;90;11;334.500000
14;1;3;90;8;62.950000
14;1;1;100;4;28.450000
14;3;1;90;4;128.550000
14;1;1;223;30;36.000000
14;3;1;171;4;136.200000
14;1;5;90;9;38.700000
14;5;5;99;4;262.450000
14;3;1;90;6;142.350000
14;1;1;166;4;38.350000
14;1;3;137;9;76.900000
14;3;5;123;4;177.450000
14;1;1;153;7;51.850000
14;3;3;121;4;145.050000
14;3;5;122;14;159.450000
14;6;1;275;12;295.550000
14;3;1;90;13;146.150000
14;3;5;122;14;146.300000
14;3;3;90;6;148.300000
14;1;1;238;4;49.200000
14;3;10;90;4;149.450000
14;3;1;125;4;149.700000
14;5;11;90;4;249.750000
15;1;1;90;4;74.599998
15;1;1;90;4;32.599998
15;1;1;90;4;46.599998
15;1;1;90;4;32.599998
15;1;1;90;4;298.599998
15;1;1;90;4;25.599998
15;1;1;90;4;158.599998
15;1;1;90;4;18.599998
15;1;1;90;4;88.599998
15;1;1;90;4;25.599998
15;1;1;90;4;88.599998
15;1;1;90;4;39.599998
15;1;1;90;4;4.599998
15;1;1;90;4;60.599998
15;1;1;90;4;74.599998
15;1;1;90;4;81.599998
15;1;1;90;4;81.599998
15;1;1;90;4;67.599998
15;1;1;90;4;72.599998
15;1;1;90;4;53.599998
15;1;1;90;4;74.599998
15;1;1;90;4;60.599998
15;1;1;90;4;74.599998
15;1;1;90;4;151.599998
15;1;1;90;4;60.599998
15;1;1;90;4;32.599998
15;1;1;90;4;60.599998
15;1;1;90;4;186.599998
15;1;1;90;4;137.599998
15;1;1;90;4;60.599998
15;1;1;90;4;74.599998
15;1;1;90;4;116.599998
15;1;1;90;4;53.599998
15;3;3;90;8;396.499998
15;1;3;90;4;342.699998
15;1;3;90;6;232.099998
15;3;1;90;4;73.749998
15;3;3;158;7;229.849998
15;1;3;170;6;347.699998
15;1;3;90;4;207.999998
15;1;3;90;4;96.049998
15;3;3;101;9;259.999998
15;3;1;147;9;64.849998
15;1;3;90;8;184.549998
15;3;3;172;9;267.099998
15;3;1;140;4;65.649998
15;3;1;108;4;89.349998
15;3;1;157;8;96.449998
15;3;3;127;8;343.049998
15;3;3;127;8;189.599998
15;3;1;119;9;49.649998
15;1;3;90;6;89.999998
15;3;3;127;8;176.149998
15;1;3;90;6;111.199998
15;3;5;90;4;38.199998
15;3;1;152;4;59.499998
15;1;5;90;13;176.599998
15;1;5;90;4;158.399998
15;3;5;90;4;42.899998
15;3;8;127;19;163.049998
15;3;5;100;8;318.049998
15;3;1;90;9;101.799998
15;3;1;90;9;102.349998
15;3;1;90;9;102.449998
15;3;3;127;9;151.799998
15;3;1;90;9;102.899998
15;3;1;90;9;151.999998
15;3;1;90;9;82.449998
15;3;1;90;4;78.249999
15;6;1;90;15;230.149999
15;1;5;113;4;128.049999
15;1;3;218;4;39.149999
15;7;5;132;11;388.349999
15;1;1;90;11;22.799999
15;7;16;201;33;267.449999
15;6;7;302;4;238.699999
15;5;6;90;4;258.849999
15;3;6;90;6;82.449999
15;3;1;93;4;127.499999
15;3;1;93;4;93.099999
15;3;3;90;9;149.949999
15;3;7;140;13;66.199999
15;3;1;129;7;105.699999
15;1;3;90;7;28.399999
15;1;1;90;4;2.499999
15;3;1;168;4;124.149999
15;3;1;168;4;103.699999
15;3;1;168;4;96.749999
15;3;5;119;8;230.899999
15;13;25;369;4;587.499999
15;6;7;90;4;304.099999
15;1;5;90;13;96.599999
15;3;1;138;6;113.449999
15;1;7;90;12;105.749999
15;11;11;90;6;531.399999
15;9;9;162;4;425.949999
15;1;1;166;15;19.549999
15;5;7;110;4;199.499999
15;1;1;90;4;6.599999
15;6;6;147;4;250.949999
15;3;1;90;7;115.349999
15;1;3;147;8;39.699999
15;3;11;93;18;169.099999
15;1;5;90;9;22.399999
15;1;1;103;4;29.849999
15;1;3;232;4;65.649999
15;1;1;168;4;33.449999
15;1;3;90;4;48.099999
15;7;5;152;16;348.399999
15;1;3;90;4;41.799999
15;6;7;90;11;328.849999
15;1;5;90;16;50.949999
15;6;1;90;9;273.450000
15;7;3;90;11;333.500000
15;1;3;90;8;61.950000
15;1;1;100;4;20.450000
15;3;1;90;4;127.550000
15;1;1;223;30;28.000000
15;3;1;171;4;128.200000
15;1;5;90;9;44.700000
15;5;5;99;4;261.450000
15;3;1;90;6;141.350000
15;1;1;166;4;30.350000
15;1;3;137;9;75.900000
15;3;5;123;4;169.450000
15;1;1;153;7;43.850000
15;3;3;121;4;158.050000
15;3;5;122;14;165.450000
15;6;1;275;12;287.550000
15;3;1;90;13;138.150000
15;3;5;122;14;145.300000
15;3;3;90;6;140.300000
15;1;1;238;4;41.200000
15;3;10;90;4;148.450000
15;3;1;125;4;141.700000
15;5;11;90;4;241.750000
15;3;1;122;4;142.350000
15;1;7;90;15;43.450000
15;5;11;90;4;243.600000
15;3;7;90;4;143.850000
15;3;7;90;4;151.100000
15;3;1;122;4;144.400000
15;1;3;127;8;51.400000
15;1;3;173;4;52.600000
15;5;11;162;11;246.100000
15;3;1;90;6;160.250000
15;1;6;90;12;53.500000
15;3;7;177;4;146.850000
15;1;5;193;4;46.950000
15;7;1;90;4;348.250000
15;1;1;176;13;48.600000
15;7;1;90;4;348.600000
15;1;1;90;4;49.050000
15;6;6;90;4;299.150000
15;7;1;160;9;349.250000
16;1;1;90;4;66.199998
16;1;1;90;4;24.199998
16;1;1;90;4;45.199998
16;1;1;90;4;24.199998
16;1;1;90;4;290.199998
16;1;1;90;4;24.199998
16;1;1;90;4;150.199998
16;1;1;90;4;10.199998
16;1;1;90;4;80.199998
16;1;1;90;4;17.199998
16;1;1;90;4;80.199998
16;1;1;90;4;31.199998
16;1;1;90;4;52.199998
16;1;1;90;4;73.199998
16;1;1;90;4;73.199998
16;1;1;90;4;80.199998
16;1;1;90;4;59.199998
16;1;1;90;4;64.199998
16;1;1;90;4;52.199998
16;1;1;90;4;66.199998
16;1;1;90;4;59.199998
16;1;1;90;4;66.199998
16;1;1;90;4;143.199998
16;1;1;90;4;59.199998
16;1;1;90;4;24.199998
16;1;1;90;4;52.199998
16;1;1;90;4;178.199998
16;1;1;90;4;136.199998
16;1;1;90;4;59.199998
16;1;1;90;4;73.199998
16;1;1;90;4;108.199998
16;1;1;90;4;52.199998
16;3;3;90;8;395.099998
16;1;3;90;4;334.299998
16;1;3;90;6;230.699998
16;3;1;90;4;72.349998
16;3;3;158;7;221.449998
16;1;3;170;6;353.299998
16;1;3;90;4;199.599998
16;1;3;90;4;87.649998
16;3;3;101;9;251.599998
16;3;1;147;9;56.449998
16;1;3;90;8;183.149998
16;3;3;172;9;258.699998
16;3;1;140;4;57.249998
16;3;1;108;4;80.949998
16;3;1;157;8;88.049998
16;3;3;127;8;334.649998
16;3;3;127;8;181.199998
16;3;1;119;9;48.249998
16;1;3;90;6;88.599998
16;3;3;127;8;167.749998
16;1;3;90;6;102.799998
16;3;5;90;4;29.799998
16;3;1;152;4;51.099998
16;1;5;90;13;168.199998
16;1;5;90;4;170.999998
16;3;5;90;4;34.499998
16;3;8;127;19;154.649998
16;3;5;100;8;330.649998
16;3;1;90;9;93.399998
16;3;1;90;9;93.949998
16;3;1;90;9;94.049998
16;3;3;127;9;143.399998
16;3;1;90;9;94.499998
16;3;1;90;9;150.599998
16;3;1;90;9;81.049998
16;3;1;90;4;76.849998
16;6;1;90;15;221.749998
16;1;5;113;4;140.649998
16;1;3;218;4;37.749998
16;7;5;132;11;393.949998
16;1;1;90;11;21.399999
16;7;16;201;33;259.049999
16;6;7;302;4;230.299999
16;5;6;90;4;250.449999
16;3;6;90;6;95.049999
16;3;1;93;4;126.099999
16;3;1;93;4;91.699999
16;3;3;90;9;148.549999
16;3;7;140;13;57.799999
16;3;1;129;7;97.299999
16;1;3;90;7;26.999999
16;3;1;168;4;122.749999
16;3;1;168;4;102.299999
16;3;1;168;4;95.349999
16;3;5;119;8;236.499999
16;13;25;369;4;579.099999
16;6;7;90;4;295.699999
16;1;5;90;13;88.199999
16;3;1;138;6;105.049999
16;1;7;90;12;97.349999
16;11;11;90;6;522.999999
16;9;9;162;4;417.549999
16;1;1;166;15;11.149999
16;5;7;110;4;191.099999
16;6;6;147;4;242.549999
16;3;1;90;7;106.949999
16;1;3;147;8;31.299999
16;3;11;93;18;160.699999
16;1;5;90;9;13.999999
16;1;1;103;4;21.449999
16;1;3;232;4;64.249999
16;1;1;168;4;25.049999
16;1;3;90;4;39.699999
16;7;5;152;16;346.999999
16;1;3;90;4;33.399999
16;6;7;90;11;320.449999
16;1;5;90;16;49.549999
16;6;1;90;9;265.049999
16;7;3;90;11;325.099999
16;1;3;90;8;60.549999
16;1;1;100;4;19.049999
16;3;1;90;4;126.149999
16;1;1;223;30;19.599999
16;3;1;171;4;119.799999
16;1;5;90;9;57.299999
16;5;5;99;4;253.050000
16;3;1;90;6;139.950000
16;1;1;166;4;21.950000
16;1;3;137;9;67.500000
16;3;5;123;4;161.050000
16;1;1;153;7;42.450000
16;3;3;121;4;156.650000
16;3;5;122;14;157.050000
16;6;1;275;12;286.150000
16;3;1;90;13;129.750000
16;3;5;122;14;136.900000
16;3;3;90;6;138.900000
16;1;1;238;4;32.800000
16;3;10;90;4;140.050000
16;3;1;125;4;133.300000
16;5;11;90;4;233.350000
16;3;1;122;4;133.950000
16;1;7;90;15;35.050000
16;5;11;90;4;235.200000
16;3;7;90;4;135.450000
16;3;7;90;4;170.700000
16;3;1;122;4;136.000000
16;1;3;127;8;50.000000
16;1;3;173;4;51.200000
16;5;11;162;11;237.700000
16;3;1;90;6;151.850000
16;1;6;90;12;80.100000
16;3;7;177;4;138.450000
16;1;5;193;4;38.550000
16;7;1;90;4;339.850000
16;1;1;176;13;40.200000
16;7;1;90;4;340.200000
16;1;1;90;4;40.650000
16;6;6;90;4;297.750000
16;7;1;160;9;340.850000
16;1;3;96;4;45.950000
16;1;1;108;4;67.100000
16;1;1;90;6;46.900000
16;1;1;131;18;47.800000
16;1;6;90;4;48.000000
16;1;1;112;8;48.200000
16;7;1;178;28;349.400000
17;1;1;90;4;58.399998
17;1;1;90;4;16.399998
17;1;1;90;4;37.399998
17;1;1;90;4;16.399998
17;1;1;90;4;282.399998
17;1;1;90;4;16.399998
17;1;1;90;4;149.399998
17;1;1;90;4;2.399998
17;1;1;90;4;72.399998
17;1;1;90;4;9.399998
17;1;1;90;4;79.399998
17;1;1;90;4;23.399998
17;1;1;90;4;44.399998
17;1;1;90;4;65.399998
17;1;1;90;4;65.399998
17;1;1;90;4;72.399998
17;1;1;90;4;51.399998
17;1;1;90;4;56.399998
17;1;1;90;4;44.399998
17;1;1;90;4;58.399998
17;1;1;90;4;51.399998
17;1;1;90;4;65.399998
17;1;1;90;4;149.399998
17;1;1;90;4;51.399998
17;1;1;90;4;16.399998
17;1;1;90;4;51.399998
17;1;1;90;4;177.399998
17;1;1;90;4;128.399998
17;1;1;90;4;51.399998
17;1;1;90;4;65.399998
17;1;1;90;4;100.399998
17;1;1;90;4;44.399998
17;3;3;90;8;394.299998
17;1;3;90;4;326.499998
17;1;3;90;6;222.899998
17;3;1;90;4;64.549998
17;3;3;158;7;220.649998
17;1;3;170;6;352.499998
17;1;3;90;4;198.799998
17;1;3;90;4;86.849998
17;3;3;101;9;250.799998
17;3;1;147;9;48.649998
17;1;3;90;8;182.349998
17;3;3;172;9;257.899998
17;3;1;140;4;49.449998
17;3;1;108;4;73.149998
17;3;1;157;8;80.249998
17;3;3;127;8;333.849998
17;3;3;127;8;180.399998
17;3;1;119;9;40.449998
17;1;3;90;6;87.799998
17;3;3;127;8;173.949998
17;1;3;90;6;101.999998
17;3;5;90;4;28.999998
17;3;1;152;4;43.299998
17;1;5;90;13;160.399998
17;1;5;90;4;163.199998
17;3;5;90;4;26.699998
17;3;8;127;19;146.849998
17;3;5;100;8;322.849998
17;3;1;90;9;92.599998
17;3;1;90;9;93.149998
17;3;1;90;9;93.249998
17;3;3;127;9;135.599998
17;3;1;90;9;93.699998
17;3;1;90;9;142.799998
17;3;1;90;9;73.249998
17;3;1;90;4;69.049998
17;6;1;90;15;213.949998
17;1;5;113;4;132.849998
17;1;3;218;4;29.949998
17;7;5;132;11;393.149998
17;1;1;90;11;13.599998
17;7;16;201;33;251.249998
17;6;7;302;4;222.499998
17;5;6;90;4;242.649998
17;3;6;90;6;94.249998
17;3;1;93;4;118.299998
17;3;1;93;4;83.899998
17;3;3;90;9;147.749999
17;3;7;140;13;49.999999
17;3;1;129;7;96.499999
17;1;3;90;7;26.199999
17;3;1;168;4;114.949999
17;3;1;168;4;94.499999
17;3;1;168;4;87.549999
17;3;5;119;8;235.699999
17;13;25;369;4;571.299999
17;6;7;90;4;287.899999
17;1;5;90;13;80.399999
17;3;1;138;6;97.249999
17;1;7;90;12;89.549999
17;11;11;90;6;515.199999
17;9;9;162;4;409.749999
17;1;1;166;15;10.349999
17;5;7;110;4;183.299999
17;6;6;147;4;234.749999
17;3;1;90;7;106.149999
17;1;3;147;8;30.499999
17;3;11;93;18;152.899999
17;1;5;90;9;6.199999
17;1;1;103;4;20.649999
17;1;3;232;4;63.449999
17;1;1;168;4;17.249999
17;1;3;90;4;31.899999
17;7;5;152;16;346.199999
17;1;3;90;4;32.599999
17;6;7;90;11;312.649999
17;1;5;90;16;48.749999
17;6;1;90;9;257.249999
17;7;3;90;11;317.299999
17;1;3;90;8;52.749999
17;1;1;100;4;11.249999
17;3;1;90;4;118.349999
17;1;1;223;30;18.799999
17;3;1;171;4;125.999999
17;1;5;90;9;49.499999
17;5;5;99;4;252.249999
17;3;1;90;6;139.149999
17;1;1;166;4;21.149999
17;1;3;137;9;59.700000
17;3;5;123;4;160.250000
17;1;1;153;7;34.650000
17;3;3;121;4;155.850000
17;3;5;122;14;156.250000
17;6;1;275;12;285.350000
17;3;1;90;13;121.950000
17;3;5;122;14;136.100000
17;3;3;90;6;131.100000
17;1;1;238;4;32.000000
17;3;10;90;4;132.250000
17;3;1;125;4;132.500000
17;5;11;90;4;225.550000
17;3;1;122;4;126.150000
17;1;7;90;15;34.250000
17;5;11;90;4;234.400000
17;3;7;90;4;141.650000
17;3;7;90;4;176.900000
17;3;1;122;4;128.200000
17;1;3;127;8;49.200000
17;1;3;173;4;50.400000
17;5;11;162;11;229.900000
17;3;1;90;6;151.050000
17;1;6;90;12;72.300000
17;3;7;177;4;144.650000
17;1;5;193;4;37.750000
17;7;1;90;4;332.050000
17;1;1;176;13;32.400000
17;7;1;90;4;332.400000
17;1;1;90;4;39.850000
17;6;6;90;4;296.950000
17;7;1;160;9;333.050000
17;1;3;96;4;45.150000
17;1;1;108;4;59.300000
17;1;1;90;6;39.100000
17;1;1;131;18;40.000000
17;1;6;90;4;40.200000
17;1;1;112;8;40.400000
17;7;1;178;28;341.600000
17;1;9;90;4;42.500000
17;1;6;90;4;43.200000
17;1;5;90;9;44.150000
17;1;9;90;4;44.500000
17;5;1;191;4;251.700000
17;5;7;90;12;244.750000
17;1;9;90;4;45.650000
17;1;1;110;8;46.600000
17;3;1;141;15;146.600000
17;6;1;90;4;296.900000
17;1;6;90;11;49.200000
18;1;1;90;4;58.149998
18;1;1;90;4;9.149998
18;1;1;90;4;30.149998
18;1;1;90;4;9.149998
18;1;1;90;4;275.149998
18;1;1;90;4;9.149998
18;1;1;90;4;142.149998
18;1;1;90;4;72.149998
18;1;1;90;4;2.149998
18;1;1;90;4;79.149998
18;1;1;90;4;16.149998
18;1;1;90;4;37.149998
18;1;1;90;4;58.149998
18;1;1;90;4;58.149998
18;1;1;90;4;65.149998
18;1;1;90;4;44.149998
18;1;1;90;4;49.149998
18;1;1;90;4;37.149998
18;1;1;90;4;58.149998
18;1;1;90;4;51.149998
18;1;1;90;4;58.149998
18;1;1;90;4;142.149998
18;1;1;90;4;44.149998
18;1;1;90;4;9.149998
18;1;1;90;4;44.149998
18;1;1;90;4;170.149998
18;1;1;90;4;128.149998
18;1;1;90;4;44.149998
18;1;1;90;4;58.149998
18;1;1;90;4;93.149998
18;1;1;90;4;37.149998
18;3;3;90;8;401.049998
18;1;3;90;4;333.249998
18;1;3;90;6;222.649998
18;3;1;90;4;64.299998
18;3;3;158;7;213.399998
18;1;3;170;6;352.249998
18;1;3;90;4;191.549998
18;1;3;90;4;93.599998
18;3;3;101;9;257.549998
18;3;1;147;9;41.399998
18;1;3;90;8;175.099998
18;3;3;172;9;264.649998
18;3;1;140;4;42.199998
18;3;1;108;4;65.899998
18;3;1;157;8;79.999998
18;3;3;127;8;340.599998
18;3;3;127;8;180.149998
18;3;1;119;9;33.199998
18;1;3;90;6;87.549998
18;3;3;127;8;173.699998
18;1;3;90;6;101.749998
18;3;5;90;4;21.749998
18;3;1;152;4;36.049998
18;1;5;90;13;153.149998
18;1;5;90;4;162.949998
18;3;5;90;4;19.449998
18;3;8;127;19;139.599998
18;3;5;100;8;336.599998
18;3;1;90;9;85.349998
18;3;1;90;9;85.899998
18;3;1;90;9;85.999998
18;3;3;127;9;135.349998
18;3;1;90;9;86.449998
18;3;1;90;9;135.549998
18;3;1;90;9;65.999998
18;3;1;90;4;61.799998
18;6;1;90;15;206.699998
18;1;5;113;4;146.599998
18;1;3;218;4;36.699998
18;7;5;132;11;385.899998
18;1;1;90;11;6.349998
18;7;16;201;33;243.999998
18;6;7;302;4;215.249998
18;5;6;90;4;235.399998
18;3;6;90;6;86.999998
18;3;1;93;4;111.049998
18;3;1;93;4;76.649998
18;3;3;90;9;140.499998
18;3;7;140;13;42.749998
18;3;1;129;7;96.249998
18;1;3;90;7;18.949998
18;3;1;168;4;114.699999
18;3;1;168;4;94.249999
18;3;1;168;4;87.299999
18;3;5;119;8;242.449999
18;13;25;369;4;564.049999
18;6;7;90;4;280.649999
18;1;5;90;13;73.149999
18;3;1;138;6;89.999999
18;1;7;90;12;82.299999
18;11;11;90;6;507.949999
18;9;9;162;4;402.499999
18;1;1;166;15;3.099999
18;5;7;110;4;176.049999
18;6;6;147;4;227.499999
18;3;1;90;7;98.899999
18;1;3;147;8;30.249999
18;3;11;93;18;145.649999
18;1;1;103;4;13.399999
18;1;3;232;4;63.199999
18;1;1;168;4;9.999999
18;1;3;90;4;31.649999
18;7;5;152;16;345.949999
18;1;3;90;4;39.349999
18;6;7;90;11;305.399999
18;1;5;90;16;55.499999
18;6;1;90;9;249.999999
18;7;3;90;11;317.049999
18;1;3;90;8;52.499999
18;1;1;100;4;3.999999
18;3;1;90;4;111.099999
18;1;1;223;30;11.549999
18;3;1;171;4;118.749999
18;1;5;90;9;42.249999
18;5;5;99;4;251.999999
18;3;1;90;6;131.899999
18;1;1;166;4;20.899999
18;1;3;137;9;59.449999
18;3;5;123;4;152.999999
18;1;1;153;7;27.399999
18;3;3;121;4;148.599999
18;3;5;122;14;148.999999
18;6;1;275;12;278.099999
18;3;1;90;13;121.699999
18;3;5;122;14;142.849999
18;3;3;90;6;123.850000
18;1;1;238;4;24.750000
18;3;10;90;4;125.000000
18;3;1;125;4;125.250000
18;5;11;90;4;218.300000
18;3;1;122;4;118.900000
18;1;7;90;15;27.000000
18;5;11;90;4;227.150000
18;3;7;90;4;155.400000
18;3;7;90;4;176.650000
18;3;1;122;4;127.950000
18;1;3;127;8;41.950000
18;1;3;173;4;43.150000
18;5;11;162;11;222.650000
18;3;1;90;6;143.800000
18;1;6;90;12;65.050000
18;3;7;177;4;137.400000
18;1;5;193;4;44.500000
18;7;1;90;4;324.800000
18;1;1;176;13;25.150000
18;7;1;90;4;325.150000
18;1;1;90;4;32.600000
18;6;6;90;4;289.700000
18;7;1;160;9;332.800000
18;1;3;96;4;37.900000
18;1;1;108;4;52.050000
18;1;1;90;6;31.850000
18;1;1;131;18;32.750000
18;1;6;90;4;32.950000
18;1;1;112;8;33.150000
18;7;1;178;28;334.350000
18;1;9;90;4;35.250000
18;1;6;90;4;35.950000
18;1;5;90;9;50.900000
18;1;9;90;4;37.250000
18;5;1;191;4;244.450000
18;5;7;90;12;237.500000
18;1;9;90;4;38.400000
18;1;1;110;8;39.350000
18;3;1;141;15;139.350000
18;6;1;90;4;289.650000
18;1;6;90;11;48.950000
18;1;1;90;4;43.900000
18;3;1;128;8;144.350000
18;7;3;140;4;344.400000
18;7;6;90;10;358.600000
18;1;3;147;4;45.750000
18;5;8;120;11;246.300000
18;5;3;160;9;253.800000
18;6;1;160;9;297.000000
18;5;1;233;4;247.100000
18;3;5;90;4;147.600000
18;3;5;90;4;147.700000
18;3;5;90;4;147.900000
18;1;7;168;4;48.100000
19;1;1;90;4;50.249997
19;1;1;90;4;1.249997
19;1;1;90;4;22.249997
19;1;1;90;4;1.249997
19;1;1;90;4;267.249997
19;1;1;90;4;8.249997
19;1;1;90;4;141.249997
19;1;1;90;4;64.249997
19;1;1;90;4;71.249997
19;1;1;90;4;8.249997
19;1;1;90;4;29.249997
19;1;1;90;4;50.249997
19;1;1;90;4;57.249997
19;1;1;90;4;57.249997
19;1;1;90;4;36.249997
19;1;1;90;4;41.249997
19;1;1;90;4;29.249997
19;1;1;90;4;50.249997
19;1;1;90;4;43.249997
19;1;1;90;4;57.249997
19;1;1;90;4;134.249997
19;1;1;90;4;43.249997
19;1;1;90;4;1.249997
19;1;1;90;4;43.249997
19;1;1;90;4;162.249997
19;1;1;90;4;120.249997
19;1;1;90;4;36.249997
19;1;1;90;4;50.249997
19;1;1;90;4;92.249997
19;1;1;90;4;29.249997
19;3;3;90;8;393.149997
19;1;3;90;4;325.349998
19;1;3;90;6;221.749998
19;3;1;90;4;56.399998
19;3;3;158;7;212.499998
19;1;3;170;6;358.349998
19;1;3;90;4;190.649998
19;1;3;90;4;85.699998
19;3;3;101;9;249.649998
19;3;1;147;9;33.499998
19;1;3;90;8;174.199998
19;3;3;172;9;256.749998
19;3;1;140;4;34.299998
19;3;1;108;4;57.999998
19;3;1;157;8;72.099998
19;3;3;127;8;332.699998
19;3;3;127;8;172.249998
19;3;1;119;9;25.299998
19;1;3;90;6;79.649998
19;3;3;127;8;165.799998
19;1;3;90;6;93.849998
19;3;5;90;4;20.849998
19;3;1;152;4;35.149998
19;1;5;90;13;145.249998
19;1;5;90;4;176.049998
19;3;5;90;4;11.549998
19;3;8;127;19;131.699998
19;3;5;100;8;356.699998
19;3;1;90;9;77.449998
19;3;1;90;9;77.999998
19;3;1;90;9;78.099998
19;3;3;127;9;141.449998
19;3;1;90;9;78.549998
19;3;1;90;9;134.649998
19;3;1;90;9;65.099998
19;3;1;90;4;60.899998
19;6;1;90;15;198.799998
19;1;5;113;4;152.699998
19;1;3;218;4;35.799998
19;7;5;132;11;377.999998
19;7;16;201;33;236.099998
19;6;7;302;4;207.349998
19;5;6;90;4;227.499998
19;3;6;90;6;79.099998
19;3;1;93;4;110.149998
19;3;1;93;4;68.749998
19;3;3;90;9;139.599998
19;3;7;140;13;34.849998
19;3;1;129;7;88.349998
19;1;3;90;7;25.049998
19;3;1;168;4;106.799999
19;3;1;168;4;93.349999
19;3;1;168;4;79.399999
19;3;5;119;8;234.549999
19;13;25;369;4;556.149999
19;6;7;90;4;272.749999
19;1;5;90;13;65.249999
19;3;1;138;6;82.099999
19;1;7;90;12;74.399999
19;11;11;90;6;500.049999
19;9;9;162;4;394.599999
19;5;7;110;4;168.149999
19;6;6;147;4;219.599999
19;3;1;90;7;90.999999
19;1;3;147;8;29.349999
19;3;11;93;18;137.749999
19;1;1;103;4;12.499999
19;1;3;232;4;62.299999
19;1;1;168;4;9.099999
19;1;3;90;4;30.749999
19;7;5;152;16;338.049999
19;1;3;90;4;31.449999
19;6;7;90;11;297.499999
19;1;5;90;16;54.599999
19;6;1;90;9;242.099999
19;7;3;90;11;323.149999
19;1;3;90;8;44.599999
19;3;1;90;4;103.199999
19;1;1;223;30;3.649999
19;3;1;171;4;110.849999
19;1;5;90;9;41.349999
19;5;5;99;4;265.099999
19;3;1;90;6;123.999999
19;1;1;166;4;12.999999
19;1;3;137;9;65.549999
19;3;5;123;4;145.099999
19;1;1;153;7;26.499999
19;3;3;121;4;147.699999
19;3;5;122;14;141.099999
19;6;1;275;12;270.199999
19;3;1;90;13;113.799999
19;3;5;122;14;141.949999
19;3;3;90;6;115.949999
19;1;1;238;4;16.849999
19;3;10;90;4;117.099999
19;3;1;125;4;117.349999
19;5;11;90;4;210.399999
19;3;1;122;4;110.999999
19;1;7;90;15;19.099999
19;5;11;90;4;219.249999
19;3;7;90;4;147.499999
19;3;7;90;4;168.749999
19;3;1;122;4;120.049999
19;1;3;127;8;41.049999
19;1;3;173;4;42.249999
19;5;11;162;11;214.749999
19;3;1;90;6;135.899999
19;1;6;90;12;64.149999
19;3;7;177;4;129.499999
19;1;5;193;4;57.599999
19;7;1;90;4;316.900000
19;1;1;176;13;17.250000
19;7;1;90;4;317.250000
19;1;1;90;4;31.700000
19;6;6;90;4;288.800000
19;7;1;160;9;331.900000
19;1;3;96;4;30.000000
19;1;1;108;4;44.150000
19;1;1;90;6;23.950000
19;1;1;131;18;24.850000
19;1;6;90;4;32.050000
19;1;1;112;8;25.250000
19;7;1;178;28;326.450000
19;1;9;90;4;27.350000
19;1;6;90;4;35.050000
19;1;5;90;9;50.000000
19;1;9;90;4;29.350000
19;5;1;191;4;243.550000
19;5;7;90;12;229.600000
19;1;9;90;4;30.500000
19;1;1;110;8;38.450000
19;3;1;141;15;138.450000
19;6;1;90;4;288.750000
19;1;6;90;11;41.050000
19;1;1;90;4;43.000000
19;3;1;128;8;136.450000
19;7;3;140;4;343.500000
19;7;6;90;10;357.700000
19;1;3;147;4;44.850000
19;5;8;120;11;238.400000
19;5;3;160;9;245.900000
19;6;1;160;9;289.100000
19;5;1;233;4;239.200000
19;3;5;90;4;139.700000
19;3;5;90;4;139.800000
19;3;5;90;4;140.000000
19;1;7;168;4;40.200000
19;3;1;172;4;149.250000
19;1;1;176;4;43.200000
19;1;1;90;12;44.200000
19;3;1;166;7;144.650000
19;1;1;295;4;46.650000
19;5;1;218;9;247.050000
19;6;5;90;10;297.650000
19;7;1;103;4;348.350000
19;1;9;90;4;48.800000
19;7;1;103;4;348.900000
19;3;7;168;4;149.100000
19;6;1;90;15;299.800000
20;1;1;90;4;50.499997
20;1;1;90;4;22.499997
20;1;1;90;4;267.499997
20;1;1;90;4;1.499997
20;1;1;90;4;134.499997
20;1;1;90;4;64.499997
20;1;1;90;4;64.499997
20;1;1;90;4;1.499997
20;1;1;90;4;22.499997
20;1;1;90;4;43.499997
20;1;1;90;4;50.499997
20;1;1;90;4;50.499997
20;1;1;90;4;29.499997
20;1;1;90;4;41.499997
20;1;1;90;4;29.499997
20;1;1;90;4;43.499997
20;1;1;90;4;36.499997
20;1;1;90;4;50.499997
20;1;1;90;4;141.499997
20;1;1;90;4;36.499997
20;1;1;90;4;36.499997
20;1;1;90;4;155.499997
20;1;1;90;4;113.499997
20;1;1;90;4;29.499997
20;1;1;90;4;43.499997
20;1;1;90;4;85.499997
20;1;1;90;4;29.499997
20;3;3;90;8;393.399997
20;1;3;90;4;325.599997
20;1;3;90;6;214.999997
20;3;1;90;4;49.649997
20;3;3;158;7;205.749997
20;1;3;170;6;358.599998
20;1;3;90;4;190.899998
20;1;3;90;4;92.949998
20;3;3;101;9;256.899998
20;3;1;147;9;26.749998
20;1;3;90;8;174.449998
20;3;3;172;9;263.999998
20;3;1;140;4;27.549998
20;3;1;108;4;58.249998
20;3;1;157;8;65.349998
20;3;3;127;8;339.949998
20;3;3;127;8;179.499998
20;3;1;119;9;18.549998
20;1;3;90;6;79.899998
20;3;3;127;8;173.049998
20;1;3;90;6;87.099998
20;3;5;90;4;28.099998
20;3;1;152;4;28.399998
20;1;5;90;13;138.499998
20;1;5;90;4;183.299998
20;3;5;90;4;4.799998
20;3;8;127;19;124.949998
20;3;5;100;8;349.949998
20;3;1;90;9;70.699998
20;3;1;90;9;71.249998
20;3;1;90;9;71.349998
20;3;3;127;9;134.699998
20;3;1;90;9;71.799998
20;3;1;90;9;127.899998
20;3;1;90;9;65.349998
20;3;1;90;4;54.149998
20;6;1;90;15;192.049998
20;1;5;113;4;152.949998
20;1;3;218;4;29.049998
20;7;5;132;11;371.249998
20;7;16;201;33;229.349998
20;6;7;302;4;200.599998
20;5;6;90;4;220.749998
20;3;6;90;6;72.349998
20;3;1;93;4;103.399998
20;3;1;93;4;61.999998
20;3;3;90;9;139.849998
20;3;7;140;13;28.099998
20;3;1;129;7;88.599998
20;1;3;90;7;25.299998
20;3;1;168;4;107.049998
20;3;1;168;4;93.599998
20;3;1;168;4;72.649998
20;3;5;119;8;234.799998
20;13;25;369;4;549.399999
20;6;7;90;4;265.999999
20;1;5;90;13;58.499999
20;3;1;138;6;75.349999
20;1;7;90;12;67.649999
20;11;11;90;6;493.299999
20;9;9;162;4;387.849999
20;5;7;110;4;161.399999
20;6;6;147;4;212.849999
20;3;1;90;7;84.249999
20;1;3;147;8;29.599999
20;3;11;93;18;130.999999
20;1;1;103;4;5.749999
20;1;3;232;4;62.549999
20;1;1;168;4;2.349999
20;1;3;90;4;23.999999
20;7;5;152;16;331.299999
20;1;3;90;4;38.699999
20;6;7;90;11;290.749999
20;1;5;90;16;47.849999
20;6;1;90;9;242.349999
20;7;3;90;11;316.399999
20;1;3;90;8;51.849999
20;3;1;90;4;103.449999
20;1;1;223;30;3.899999
20;3;1;171;4;118.099999
20;1;5;90;9;34.599999
20;5;5;99;4;258.349999
20;3;1;90;6;124.249999
20;1;1;166;4;20.249999
20;1;3;137;9;58.799999
20;3;5;123;4;138.349999
20;1;1;153;7;19.749999
20;3;3;121;4;147.949999
20;3;5;122;14;162.349999
20;6;1;275;12;270.449999
20;3;1;90;13;107.049999
20;3;5;122;14;135.199999
20;3;3;90;6;116.199999
20;1;1;238;4;10.099999
20;3;10;90;4;110.349999
20;3;1;125;4;110.599999
20;5;11;90;4;203.649999
20;3;1;122;4;104.249999
20;1;7;90;15;26.349999
20;5;11;90;4;212.499999
20;3;7;90;4;140.749999
20;3;7;90;4;161.999999
20;3;1;122;4;113.299999
20;1;3;127;8;41.299999
20;1;3;173;4;42.499999
20;5;11;162;11;207.999999
20;3;1;90;6;129.149999
20;1;6;90;12;85.399999
20;3;7;177;4;122.749999
20;1;5;193;4;57.849999
20;7;1;90;4;310.149999
20;1;1;176;13;17.499999
20;7;1;90;4;317.499999
20;1;1;90;4;24.949999
20;6;6;90;4;282.049999
20;7;1;160;9;332.149999
20;1;3;96;4;51.249999
20;1;1;108;4;44.399999
20;1;1;90;6;24.200000
20;1;1;131;18;18.100000
20;1;6;90;4;25.300000
20;1;1;112;8;25.500000
20;7;1;178;28;326.700000
20;1;9;90;4;20.600000
20;1;6;90;4;56.300000
20;1;5;90;9;43.250000
20;1;9;90;4;22.600000
20;5;1;191;4;243.800000
20;5;7;90;12;222.850000
20;1;9;90;4;23.750000
20;1;1;110;8;31.700000
20;3;1;141;15;131.700000
20;6;1;90;4;289.000000
20;1;6;90;11;34.300000
20;1;1;90;4;36.250000
20;3;1;128;8;136.700000
20;7;3;140;4;343.750000
20;7;6;90;10;357.950000
20;1;3;147;4;38.100000
20;5;8;120;11;231.650000
20;5;3;160;9;253.150000
20;6;1;160;9;282.350000
20;5;1;233;4;232.450000
20;3;5;90;4;132.950000
20;3;5;90;4;133.050000
20;3;5;90;4;133.250000
20;1;7;168;4;33.450000
20;3;1;172;4;142.500000
20;1;1;176;4;36.450000
20;1;1;90;12;37.450000
20;3;1;166;7;137.900000
20;1;1;295;4;46.900000
20;5;1;218;9;240.300000
20;6;5;90;10;290.900000
20;7;1;103;4;341.600000
20;1;9;90;4;56.050000
20;7;1;103;4;342.150000
20;3;7;168;4;142.350000
20;6;1;90;15;300.050000
20;7;3;90;4;350.950000
20;1;1;90;4;44.150000
20;1;11;170;15;58.850000
20;6;1;90;4;295.050000
20;1;1;90;4;52.600000
20;1;1;169;4;46.050000
20;5;1;279;4;246.350000
20;5;1;90;16;246.700000
20;6;1;90;4;296.700000
20;7;3;90;7;347.300000
20;5;1;90;16;247.350000
20;1;5;90;4;48.150000
20;1;9;90;13;48.300000
20;1;3;90;13;48.600000
20;1;7;90;8;49.750000
20;1;1;308;7;49.750000
21;1;1;90;4;43.449997
21;1;1;90;4;15.449997
21;1;1;90;4;260.449997
21;1;1;90;4;134.449997
21;1;1;90;4;57.449997
21;1;1;90;4;57.449997
21;1;1;90;4;22.449997
21;1;1;90;4;36.449997
21;1;1;90;4;43.449997
21;1;1;90;4;50.449997
21;1;1;90;4;22.449997
21;1;1;90;4;34.449997
21;1;1;90;4;22.449997
21;1;1;90;4;50.449997
21;1;1;90;4;36.449997
21;1;1;90;4;50.449997
21;1;1;90;4;141.449997
21;1;1;90;4;29.449997
21;1;1;90;4;36.449997
21;1;1;90;4;148.449997
21;1;1;90;4;106.449997
21;1;1;90;4;22.449997
21;1;1;90;4;43.449997
21;1;1;90;4;78.449997
21;1;1;90;4;29.449997
21;3;3;90;8;386.349997
21;1;3;90;4;318.549997
21;1;3;90;6;214.949997
21;3;1;90;4;42.599997
21;3;3;158;7;205.699997
21;1;3;170;6;351.549997
21;1;3;90;4;190.849997
21;1;3;90;4;92.899997
21;3;3;101;9;256.849997
21;3;1;147;9;19.699997
21;1;3;90;8;202.399997
21;3;3;172;9;263.949998
21;3;1;140;4;20.499998
21;3;1;108;4;58.199998
21;3;1;157;8;58.299998
21;3;3;127;8;339.899998
21;3;3;127;8;172.449998
21;3;1;119;9;11.499998
21;1;3;90;6;79.849998
21;3;3;127;8;172.999998
21;1;3;90;6;94.049998
21;3;5;90;4;28.049998
21;3;1;152;4;21.349998
21;1;5;90;13;131.449998
21;1;5;90;4;183.249998
21;3;8;127;19;117.899998
21;3;5;100;8;342.899998
21;3;1;90;9;63.649998
21;3;1;90;9;64.199998
21;3;1;90;9;64.299998
21;3;3;127;9;134.649998
21;3;1;90;9;64.749998
21;3;1;90;9;120.849998
21;3;1;90;9;65.299998
21;3;1;90;4;47.099998
21;6;1;90;15;191.999998
21;1;5;113;4;152.899998
21;1;3;218;4;28.999998
21;7;5;132;11;364.199998
21;7;16;201;33;222.299998
21;6;7;302;4;193.549998
21;5;6;90;4;213.699998
21;3;6;90;6;65.299998
21;3;1;93;4;96.349998
21;3;1;93;4;54.949998
21;3;3;90;9;132.799998
21;3;7;140;13;21.049998
21;3;1;129;7;88.549998
21;1;3;90;7;18.249998
21;3;1;168;4;99.999998
21;3;1;168;4;86.549998
21;3;1;168;4;65.599998
21;3;5;119;8;241.749998
21;13;25;369;4;542.349998
21;6;7;90;4;258.949998
21;1;5;90;13;51.449998
21;3;1;138;6;68.299998
21;1;7;90;12;60.599998
21;11;11;90;6;486.249999
21;9;9;162;4;380.799999
21;5;7;110;4;154.349999
21;6;6;147;4;205.799999
21;3;1;90;7;77.199999
21;1;3;147;8;29.549999
21;3;11;93;18;123.949999
21;1;3;232;4;55.499999
21;1;3;90;4;23.949999
21;7;5;152;16;324.249999
21;1;3;90;4;31.649999
21;6;7;90;11;283.699999
21;1;5;90;16;47.799999
21;6;1;90;9;235.299999
21;7;3;90;11;316.349999
21;1;3;90;8;51.799999
21;3;1;90;4;103.399999
21;1;1;223;30;3.849999
21;3;1;171;4;111.049999
21;1;5;90;9;41.549999
21;5;5;99;4;258.299999
21;3;1;90;6;117.199999
21;1;1;166;4;13.199999
21;1;3;137;9;51.749999
21;3;5;123;4;131.299999
21;1;1;153;7;12.699999
21;3;3;121;4;140.899999
21;3;5;122;14;162.299999
21;6;1;275;12;263.399999
21;3;1;90;13;106.999999
21;3;5;122;14;128.149999
21;3;3;90;6;116.149999
21;1;1;238;4;10.049999
21;3;10;90;4;103.299999
21;3;1;125;4;110.549999
21;5;11;90;4;196.599999
21;3;1;122;4;97.199999
21;1;7;90;15;26.299999
21;5;11;90;4;205.449999
21;3;7;90;4;133.699999
21;3;7;90;4;154.949999
21;3;1;122;4;106.249999
21;1;3;127;8;34.249999
21;1;3;173;4;35.449999
21;5;11;162;11;200.949999
21;3;1;90;6;122.099999
21;1;6;90;12;78.349999
21;3;7;177;4;115.699999
21;1;5;193;4;57.799999
21;7;1;90;4;310.099999
21;1;1;176;13;10.449999
21;7;1;90;4;310.449999
21;1;1;90;4;24.899999
21;6;6;90;4;274.999999
21;7;1;160;9;325.099999
21;1;3;96;4;44.199999
21;1;1;108;4;37.349999
21;1;1;90;6;24.149999
21;1;1;131;18;18.049999
21;1;6;90;4;18.249999
21;1;1;112;8;18.449999
21;7;1;178;28;319.649999
21;1;9;90;4;13.549999
21;1;6;90;4;49.249999
21;1;5;90;9;36.199999
21;1;9;90;4;15.549999
21;5;1;191;4;243.749999
21;5;7;90;12;215.799999
21;1;9;90;4;16.700000
21;1;1;110;8;24.650000
21;3;1;141;15;124.650000
21;6;1;90;4;281.950000
21;1;6;90;11;27.250000
21;1;1;90;4;29.200000
21;3;1;128;8;129.650000
21;7;3;140;4;336.700000
21;7;6;90;10;350.900000
21;1;3;147;4;31.050000
21;5;8;120;11;224.600000
21;5;3;160;9;253.100000
21;6;1;160;9;275.300000
21;5;1;233;4;225.400000
21;3;5;90;4;125.900000
21;3;5;90;4;126.000000
21;3;5;90;4;126.200000
21;1;7;168;4;26.400000
21;3;1;172;4;135.450000
21;1;1;176;4;29.400000
21;1;1;90;12;30.400000
21;3;1;166;7;137.850000
21;1;1;295;4;39.850000
21;5;1;218;9;233.250000
21;6;5;90;10;283.850000
21;7;1;103;4;334.550000
21;1;9;90;4;49.000000
21;7;1;103;4;342.100000
21;3;7;168;4;135.300000
21;6;1;90;15;293.000000
21;7;3;90;4;343.900000
21;1;1;90;4;37.100000
21;1;11;170;15;51.800000
21;6;1;90;4;295.000000
21;1;1;90;4;45.550000
21;1;1;169;4;39.000000
21;5;1;279;4;239.300000
21;5;1;90;16;239.650000
21;6;1;90;4;289.650000
21;7;3;90;7;354.250000
21;5;1;90;16;247.300000
21;1;5;90;4;41.100000
21;1;9;90;13;41.250000
21;1;3;90;13;41.550000
21;1;7;90;8;42.700000
21;1;1;308;7;42.700000
21;3;5;90;7;143.700000
21;3;6;133;4;144.000000
21;6;1;262;7;295.100000
21;7;3;90;9;347.100000
21;1;3;115;4;47.500000
21;1;1;112;11;48.550000
21;1;1;154;7;48.600000
21;6;1;256;8;299.300000
21;1;5;173;9;49.600000
22;1;1;90;4;36.599997
22;1;1;90;4;8.599997
22;1;1;90;4;260.599997
22;1;1;90;4;127.599997
22;1;1;90;4;50.599997
22;1;1;90;4;57.599997
22;1;1;90;4;15.599997
22;1;1;90;4;36.599997
22;1;1;90;4;36.599997
22;1;1;90;4;43.599997
22;1;1;90;4;22.599997
22;1;1;90;4;34.599997
22;1;1;90;4;22.599997
22;1;1;90;4;43.599997
22;1;1;90;4;29.599997
22;1;1;90;4;43.599997
22;1;1;90;4;134.599997
22;1;1;90;4;22.599997
22;1;1;90;4;29.599997
22;1;1;90;4;141.599997
22;1;1;90;4;106.599997
22;1;1;90;4;22.599997
22;1;1;90;4;43.599997
22;1;1;90;4;71.599997
22;1;1;90;4;22.599997
22;3;3;90;8;379.499997
22;1;3;90;4;318.699997
22;1;3;90;6;215.099997
22;3;1;90;4;35.749997
22;3;3;158;7;198.849997
22;1;3;170;6;344.699997
22;1;3;90;4;183.999997
22;1;3;90;4;93.049997
22;3;3;101;9;249.999997
22;3;1;147;9;12.849997
22;1;3;90;8;195.549997
22;3;3;172;9;264.099997
22;3;1;140;4;13.649997
22;3;1;108;4;51.349997
22;3;1;157;8;51.449997
22;3;3;127;8;340.049998
22;3;3;127;8;172.599998
22;3;1;119;9;4.649998
22;1;3;90;6;72.999998
22;3;3;127;8;173.149998
22;1;3;90;6;87.199998
22;3;5;90;4;28.199998
22;3;1;152;4;21.499998
22;1;5;90;13;124.599998
22;1;5;90;4;183.399998
22;3;8;127;19;111.049998
22;3;5;100;8;336.049998
22;3;1;90;9;56.799998
22;3;1;90;9;57.349998
22;3;1;90;9;57.449998
22;3;3;127;9;127.799998
22;3;1;90;9;57.899998
22;3;1;90;9;113.999998
22;3;1;90;9;58.449998
22;3;1;90;4;40.249998
22;6;1;90;15;192.149998
22;1;5;113;4;146.049998
22;1;3;218;4;29.149998
22;7;5;132;11;357.349998
22;7;16;201;33;215.449998
22;6;7;302;4;186.699998
22;5;6;90;4;213.849998
22;3;6;90;6;65.449998
22;3;1;93;4;96.499998
22;3;1;93;4;55.099998
22;3;3;90;9;132.949998
22;3;7;140;13;14.199998
22;3;1;129;7;81.699998
22;1;3;90;7;18.399998
22;3;1;168;4;93.149998
22;3;1;168;4;86.699998
22;3;1;168;4;58.749998
22;3;5;119;8;234.899998
22;13;25;369;4;535.499998
22;6;7;90;4;252.099998
22;1;5;90;13;44.599998
22;3;1;138;6;68.449998
22;1;7;90;12;53.749998
22;11;11;90;6;479.399998
22;9;9;162;4;373.949998
22;5;7;110;4;147.499998
22;6;6;147;4;198.949998
22;3;1;90;7;77.349999
22;1;3;147;8;29.699999
22;3;11;93;18;117.099999
22;1;3;232;4;55.649999
22;1;3;90;4;24.099999
22;7;5;152;16;317.399999
22;1;3;90;4;38.799999
22;6;7;90;11;276.849999
22;1;5;90;16;47.949999
22;6;1;90;9;228.449999
22;7;3;90;11;309.499999
22;1;3;90;8;51.949999
22;3;1;90;4;96.549999
22;3;1;171;4;111.199999
22;1;5;90;9;34.699999
22;5;5;99;4;258.449999
22;3;1;90;6;117.349999
22;1;1;166;4;13.349999
22;1;3;137;9;51.899999
22;3;5;123;4;124.449999
22;1;1;153;7;5.849999
22;3;3;121;4;141.049999
22;3;5;122;14;162.449999
22;6;1;275;12;256.549999
22;3;1;90;13;107.149999
22;3;5;122;14;128.299999
22;3;3;90;6;116.299999
22;1;1;238;4;3.199999
22;3;10;90;4;96.449999
22;3;1;125;4;103.699999
22;5;11;90;4;189.749999
22;3;1;122;4;104.349999
22;1;7;90;15;26.449999
22;5;11;90;4;198.599999
22;3;7;90;4;126.849999
22;3;7;90;4;148.099999
22;3;1;122;4;99.399999
22;1;3;127;8;34.399999
22;1;3;173;4;28.599999
22;5;11;162;11;194.099999
22;3;1;90;6;115.249999
22;1;6;90;12;78.499999
22;3;7;177;4;108.849999
22;1;5;193;4;57.949999
22;7;1;90;4;303.249999
22;1;1;176;13;3.599999
22;7;1;90;4;303.599999
22;1;1;90;4;18.049999
22;6;6;90;4;275.149999
22;7;1;160;9;318.249999
22;1;3;96;4;44.349999
22;1;1;108;4;37.499999
22;1;1;90;6;17.299999
22;1;1;131;18;11.199999
22;1;6;90;4;11.399999
22;1;1;112;8;18.599999
22;7;1;178;28;312.799999
22;1;9;90;4;6.699999
22;1;6;90;4;49.399999
22;1;5;90;9;36.349999
22;1;9;90;4;8.699999
22;5;1;191;4;236.899999
22;5;7;90;12;208.949999
22;1;9;90;4;9.849999
22;1;1;110;8;17.799999
22;3;1;141;15;117.799999
22;6;1;90;4;275.099999
22;1;6;90;11;20.399999
22;1;1;90;4;22.349999
22;3;1;128;8;129.799999
22;7;3;140;4;336.849999
22;7;6;90;10;351.049999
22;1;3;147;4;24.200000
22;5;8;120;11;217.750000
22;5;3;160;9;246.250000
22;6;1;160;9;268.450000
22;5;1;233;4;218.550000
22;3;5;90;4;126.050000
22;3;5;90;4;126.150000
22;3;5;90;4;126.350000
22;1;7;168;4;19.550000
22;3;1;172;4;128.600000
22;1;1;176;4;22.550000
22;1;1;90;12;23.550000
22;3;1;166;7;131.000000
22;1;1;295;4;33.000000
22;5;1;218;9;226.400000
22;6;5;90;10;277.000000
22;7;1;103;4;327.700000
22;1;9;90;4;42.150000
22;7;1;103;4;342.250000
22;3;7;168;4;128.450000
22;6;1;90;15;286.150000
22;7;3;90;4;337.050000
22;1;1;90;4;30.250000
22;1;11;170;15;44.950000
22;6;1;90;4;288.150000
22;1;1;90;4;38.700000
22;1;1;169;4;32.150000
22;5;1;279;4;232.450000
22;5;1;90;16;232.800000
22;6;1;90;4;282.800000
22;7;3;90;7;361.400000
22;5;1;90;16;240.450000
22;1;5;90;4;34.250000
22;1;9;90;13;34.400000
22;1;3;90;13;34.700000
22;1;7;90;8;35.850000
22;1;1;308;7;35.850000
22;3;5;90;7;143.850000
22;3;6;133;4;144.150000
22;6;1;262;7;288.250000
22;7;3;90;9;340.250000
22;1;3;115;4;40.650000
22;1;1;112;11;41.700000
22;1;1;154;7;41.750000
22;6;1;256;8;292.450000
22;1;5;173;9;49.750000
22;5;3;237;4;244.450000
22;3;5;174;9;144.850000
22;3;5;168;4;145.400000
22;6;5;90;4;295.900000
22;10;1;90;4;497.000000
22;6;9;90;4;297.150000
22;3;1;90;10;148.800000
22;7;1;90;4;349.350000
23;1;1;90;4;36.749997
23;1;1;90;4;8.749997
23;1;1;90;4;253.749997
23;1;1;90;4;120.749997
23;1;1;90;4;43.749997
23;1;1;90;4;50.749997
23;1;1;90;4;8.749997
23;1;1;90;4;29.749997
23;1;1;90;4;36.749997
23;1;1;90;4;36.749997
23;1;1;90;4;15.749997
23;1;1;90;4;27.749997
23;1;1;90;4;15.749997
23;1;1;90;4;36.749997
23;1;1;90;4;22.749997
23;1;1;90;4;36.749997
23;1;1;90;4;127.749997
23;1;1;90;4;15.749997
23;1;1;90;4;22.749997
23;1;1;90;4;134.749997
23;1;1;90;4;99.749997
23;1;1;90;4;15.749997
23;1;1;90;4;36.749997
23;1;1;90;4;71.749997
23;1;1;90;4;15.749997
23;3;3;90;8;372.649997
23;1;3;90;4;311.849997
23;1;3;90;6;208.249997
23;3;1;90;4;28.899997
23;3;3;158;7;198.999997
23;1;3;170;6;344.849997
23;1;3;90;4;177.149997
23;1;3;90;4;86.199997
23;3;3;101;9;257.149997
23;3;1;147;9;5.999997
23;1;3;90;8;188.699997
23;3;3;172;9;257.249997
23;3;1;140;4;13.799997
23;3;1;108;4;51.499997
23;3;1;157;8;44.599997
23;3;3;127;8;333.199997
23;3;3;127;8;165.749997
23;1;3;90;6;80.149997
23;3;3;127;8;166.299997
23;1;3;90;6;94.349997
23;3;5;90;4;28.349997
23;3;1;152;4;14.649997
23;1;5;90;13;117.749997
23;1;5;90;4;176.549998
23;3;8;127;19;104.199998
23;3;5;100;8;329.199998
23;3;1;90;9;56.949998
23;3;1;90;9;57.499998
23;3;1;90;9;57.599998
23;3;3;127;9;127.949998
23;3;1;90;9;58.049998
23;3;1;90;9;107.149998
23;3;1;90;9;51.599998
23;3;1;90;4;33.399998
23;6;1;90;15;199.299998
23;1;5;113;4;146.199998
23;1;3;218;4;22.299998
23;7;5;132;11;350.499998
23;7;16;201;33;208.599998
23;6;7;302;4;179.849998
23;5;6;90;4;227.999998
23;3;6;90;6;72.599998
23;3;1;93;4;89.649998
23;3;1;93;4;48.249998
23;3;3;90;9;126.099998
23;3;7;140;13;7.349998
23;3;1;129;7;74.849998
23;1;3;90;7;11.549998
23;3;1;168;4;93.299998
23;3;1;168;4;79.849998
23;3;1;168;4;58.899998
23;3;5;119;8;235.049998
23;13;25;369;4;528.649998
23;6;7;90;4;245.249998
23;1;5;90;13;37.749998
23;3;1;138;6;61.599998
23;1;7;90;12;46.899998
23;11;11;90;6;472.549998
23;9;9;162;4;367.099998
23;5;7;110;4;140.649998
23;6;6;147;4;192.099998
23;3;1;90;7;70.499998
23;1;3;147;8;22.849998
23;3;11;93;18;110.249998
23;1;3;232;4;48.799999
23;1;3;90;4;24.249999
23;7;5;152;16;310.549999
23;1;3;90;4;31.949999
23;6;7;90;11;269.999999
23;1;5;90;16;41.099999
23;6;1;90;9;221.599999
23;7;3;90;11;309.649999
23;1;3;90;8;45.099999
23;3;1;90;4;89.699999
23;3;1;171;4;104.349999
23;1;5;90;9;27.849999
23;5;5;99;4;251.599999
23;3;1;90;6;110.499999
23;1;1;166;4;6.499999
23;1;3;137;9;45.049999
23;3;5;123;4;117.599999
23;1;1;153;7;5.999999
23;3;3;121;4;134.199999
23;3;5;122;14;155.599999
23;6;1;275;12;249.699999
23;3;1;90;13;100.299999
23;3;5;122;14;121.449999
23;3;3;90;6;109.449999
23;3;10;90;4;89.599999
23;3;1;125;4;96.849999
23;5;11;90;4;182.899999
23;3;1;122;4;97.499999
23;1;7;90;15;19.599999
23;5;11;90;4;191.749999
23;3;7;90;4;119.999999
23;3;7;90;4;141.249999
23;3;1;122;4;92.549999
23;1;3;127;8;34.549999
23;1;3;173;4;35.749999
23;5;11;162;11;187.249999
23;3;1;90;6;115.399999
23;1;6;90;12;78.649999
23;3;7;177;4;101.999999
23;1;5;193;4;58.099999
23;7;1;90;4;303.399999
23;7;1;90;4;296.749999
23;1;1;90;4;11.199999
23;6;6;90;4;275.299999
23;7;1;160;9;311.399999
23;1;3;96;4;37.499999
23;1;1;108;4;30.649999
23;1;1;90;6;17.449999
23;1;1;131;18;4.349999
23;1;6;90;4;4.549999
23;1;1;112;8;11.749999
23;7;1;178;28;312.949999
23;1;6;90;4;42.549999
23;1;5;90;9;29.499999
23;1;9;90;4;1.849999
23;5;1;191;4;230.049999
23;5;7;90;12;202.099999
23;1;9;90;4;2.999999
23;1;1;110;8;10.949999
23;3;1;141;15;110.949999
23;6;1;90;4;268.249999
23;1;6;90;11;13.549999
23;1;1;90;4;15.499999
23;3;1;128;8;122.949999
23;7;3;140;4;329.999999
23;7;6;90;10;344.199999
23;1;3;147;4;24.349999
23;5;8;120;11;210.899999
23;5;3;160;9;246.399999
23;6;1;160;9;261.599999
23;5;1;233;4;211.699999
23;3;5;90;4;119.199999
23;3;5;90;4;119.299999
23;3;5;90;4;119.499999
23;1;7;168;4;12.699999
23;3;1;172;4;121.749999
23;1;1;176;4;15.699999
23;1;1;90;12;16.700000
23;3;1;166;7;124.150000
23;1;1;295;4;26.150000
23;5;1;218;9;219.550000
23;6;5;90;10;270.150000
23;7;1;103;4;320.850000
23;1;9;90;4;35.300000
23;7;1;103;4;342.400000
23;3;7;168;4;121.600000
23;6;1;90;15;279.300000
23;7;3;90;4;330.200000
23;1;1;90;4;30.400000
23;1;11;170;15;38.100000
23;6;1;90;4;288.300000
23;1;1;90;4;31.850000
23;1;1;169;4;25.300000
23;5;1;279;4;225.600000
23;5;1;90;16;225.950000
23;6;1;90;4;275.950000
23;7;3;90;7;361.550000
23;5;1;90;16;233.600000
23;1;5;90;4;27.400000
23;1;9;90;13;27.550000
23;1;3;90;13;27.850000
23;1;7;90;8;29.000000
23;1;1;308;7;29.000000
23;3;5;90;7;144.000000
23;3;6;133;4;158.300000
23;6;1;262;7;281.400000
23;7;3;90;9;340.400000
23;1;3;115;4;33.800000
23;1;1;112;11;34.850000
23;1;1;154;7;34.900000
23;6;1;256;8;285.600000
23;1;5;173;9;49.900000
23;5;3;237;4;237.600000
23;3;5;174;9;145.000000
23;3;5;168;4;145.550000
23;6;5;90;4;296.050000
23;10;1;90;4;490.150000
23;6;9;90;4;297.300000
23;3;1;90;10;141.950000
23;7;1;90;4;342.500000
23;3;7;130;4;143.750000
23;3;1;159;4;143.800000
23;3;1;90;13;144.300000
23;1;1;168;4;44.950000
23;7;3;90;4;359.100000
23;1;7;90;12;52.450000
23;1;1;177;4;45.450000
23;3;1;90;11;146.000000
23;3;6;102;4;153.150000
23;6;6;90;4;318.000000
23;5;1;209;16;247.550000
23;6;1;90;16;298.700000
23;3;5;90;17;149.400000
24;1;1;90;4;30.149997
24;1;1;90;4;9.149997
24;1;1;90;4;247.149997
24;1;1;90;4;114.149997
24;1;1;90;4;44.149997
24;1;1;90;4;51.149997
24;1;1;90;4;2.149997
24;1;1;90;4;23.149997
24;1;1;90;4;37.149997
24;1;1;90;4;30.149997
24;1;1;90;4;9.149997
24;1;1;90;4;21.149997
24;1;1;90;4;9.149997
24;1;1;90;4;37.149997
24;1;1;90;4;16.149997
24;1;1;90;4;30.149997
24;1;1;90;4;121.149997
24;1;1;90;4;16.149997
24;1;1;90;4;16.149997
24;1;1;90;4;142.149997
24;1;1;90;4;93.149997
24;1;1;90;4;9.149997
24;1;1;90;4;30.149997
24;1;1;90;4;65.149997
24;1;1;90;4;16.149997
24;3;3;90;8;366.049997
24;1;3;90;4;305.249997
24;1;3;90;6;201.649997
24;3;1;90;4;29.299997
24;3;3;158;7;192.399997
24;1;3;170;6;345.249997
24;1;3;90;4;177.549997
24;1;3;90;4;79.599997
24;3;3;101;9;250.549997
24;3;1;147;9;6.399997
24;1;3;90;8;189.099997
24;3;3;172;9;257.649997
24;3;1;140;4;14.199997
24;3;1;108;4;44.899997
24;3;1;157;8;37.999997
24;3;3;127;8;333.599997
24;3;3;127;8;166.149997
24;1;3;90;6;80.549997
24;3;3;127;8;166.699997
24;1;3;90;6;101.749997
24;3;5;90;4;21.749997
24;3;1;152;4;8.049997
24;1;5;90;13;111.149997
24;1;5;90;4;176.949997
24;3;8;127;19;97.599997
24;3;5;100;8;322.599997
24;3;1;90;9;50.349997
24;3;1;90;9;50.899997
24;3;1;90;9;50.999997
24;3;3;127;9;128.349997
24;3;1;90;9;51.449997
24;3;1;90;9;107.549997
24;3;1;90;9;44.999997
24;3;1;90;4;26.799998
24;6;1;90;15;192.699998
24;1;5;113;4;139.599998
24;1;3;218;4;15.699998
24;7;5;132;11;343.899998
24;7;16;201;33;201.999998
24;6;7;302;4;173.249998
24;5;6;90;4;221.399998
24;3;6;90;6;65.999998
24;3;1;93;4;83.049998
24;3;1;93;4;41.649998
24;3;3;90;9;126.499998
24;3;7;140;13;0.749998
24;3;1;129;7;68.249998
24;1;3;90;7;11.949998
24;3;1;168;4;86.699998
24;3;1;168;4;73.249998
24;3;1;168;4;59.299998
24;3;5;119;8;242.449998
24;13;25;369;4;522.049998
24;6;7;90;4;238.649998
24;1;5;90;13;31.149998
24;3;1;138;6;54.999998
24;1;7;90;12;40.299998
24;11;11;90;6;465.949998
24;9;9;162;4;360.499998
24;5;7;110;4;134.049998
24;6;6;147;4;185.499998
24;3;1;90;7;63.899998
24;1;3;147;8;16.249998
24;3;11;93;18;103.649998
24;1;3;232;4;49.199998
24;1;3;90;4;24.649998
24;7;5;152;16;303.949998
24;1;3;90;4;32.349998
24;6;7;90;11;263.399999
24;1;5;90;16;41.499999
24;6;1;90;9;214.999999
24;7;3;90;11;310.049999
24;1;3;90;8;45.499999
24;3;1;90;4;90.099999
24;3;1;171;4;97.749999
24;1;5;90;9;42.249999
24;5;5;99;4;258.999999
24;3;1;90;6;103.899999
24;1;3;137;9;45.449999
24;3;5;123;4;110.999999
24;1;1;153;7;6.399999
24;3;3;121;4;134.599999
24;3;5;122;14;155.999999
24;6;1;275;12;243.099999
24;3;1;90;13;93.699999
24;3;5;122;14;121.849999
24;3;3;90;6;102.849999
24;3;10;90;4;82.999999
24;3;1;125;4;97.249999
24;5;11;90;4;176.299999
24;3;1;122;4;97.899999
24;1;7;90;15;12.999999
24;5;11;90;4;185.149999
24;3;7;90;4;113.399999
24;3;7;90;4;134.649999
24;3;1;122;4;85.949999
24;1;3;127;8;27.949999
24;1;3;173;4;50.149999
24;5;11;162;11;180.649999
24;3;1;90;6;108.799999
24;1;6;90;12;72.049999
24;3;7;177;4;95.399999
24;1;5;193;4;51.499999
24;7;1;90;4;296.799999
24;7;1;90;4;297.149999
24;1;1;90;4;4.599999
24;6;6;90;4;275.699999
24;7;1;160;9;304.799999
24;1;3;96;4;30.899999
24;1;1;108;4;24.049999
24;1;1;90;6;10.849999
24;1;1;112;8;5.149999
24;7;1;178;28;313.349999
24;1;6;90;4;35.949999
24;1;5;90;9;29.899999
24;5;1;191;4;223.449999
24;5;7;90;12;195.499999
24;1;1;110;8;11.349999
24;3;1;141;15;111.349999
24;6;1;90;4;261.649999
24;1;6;90;11;6.949999
24;1;1;90;4;8.899999
24;3;1;128;8;116.349999
24;7;3;140;4;330.399999
24;7;6;90;10;344.599999
24;1;3;147;4;24.749999
24;5;8;120;11;204.299999
24;5;3;160;9;239.799999
24;6;1;160;9;254.999999
24;5;1;233;4;205.099999
24;3;5;90;4;119.599999
24;3;5;90;4;119.699999
24;3;5;90;4;112.899999
24;1;7;168;4;20.099999
24;3;1;172;4;115.149999
24;1;1;176;4;9.099999
24;1;1;90;12;17.099999
24;3;1;166;7;117.549999
24;1;1;295;4;19.549999
24;5;1;218;9;212.949999
24;6;5;90;10;263.549999
24;7;1;103;4;314.249999
24;1;9;90;4;28.699999
24;7;1;103;4;335.799999
24;3;7;168;4;114.999999
24;6;1;90;15;272.699999
24;7;3;90;4;323.600000
24;1;1;90;4;23.800000
24;1;11;170;15;31.500000
24;6;1;90;4;281.700000
24;1;1;90;4;25.250000
24;1;1;169;4;18.700000
24;5;1;279;4;219.000000
24;5;1;90;16;219.350000
24;6;1;90;4;269.350000
24;7;3;90;7;354.950000
24;5;1;90;16;227.000000
24;1;5;90;4;20.800000
24;1;9;90;13;20.950000
24;1;3;90;13;21.250000
24;1;7;90;8;22.400000
24;1;1;308;7;22.400000
24;3;5;90;7;151.400000
24;3;6;133;4;158.700000
24;6;1;262;7;274.800000
24;7;3;90;9;340.800000
24;1;3;115;4;27.200000
24;1;1;112;11;28.250000
24;1;1;154;7;28.300000
24;6;1;256;8;286.000000
24;1;5;173;9;50.300000
24;5;3;237;4;238.000000
24;3;5;174;9;138.400000
24;3;5;168;4;138.950000
24;6;5;90;4;303.450000
24;10;1;90;4;483.550000
24;6;9;90;4;290.700000
24;3;1;90;10;135.350000
24;7;1;90;4;335.900000
24;3;7;130;4;137.150000
24;3;1;159;4;137.200000
24;3;1;90;13;137.700000
24;1;1;168;4;38.350000
24;7;3;90;4;359.500000
24;1;7;90;12;66.850000
24;1;1;177;4;38.850000
24;3;1;90;11;139.400000
24;3;6;102;4;153.550000
24;6;6;90;4;311.400000
24;5;1;209;16;240.950000
24;6;1;90;16;292.100000
24;3;5;90;17;142.800000
24;1;1;123;4;43.750000
24;3;5;90;17;143.750000
24;3;1;90;4;144.250000
24;1;1;123;4;44.300000
24;8;6;90;17;402.100000
24;1;11;126;4;45.700000
24;3;1;161;9;146.100000
24;3;8;220;7;146.750000
24;1;6;90;11;47.000000
24;7;7;90;17;347.150000
24;1;10;175;20;47.150000
24;14;1;90;4;698.250000
24;1;1;90;10;48.550000
25;1;1;90;4;23.649997
25;1;1;90;4;2.649997
25;1;1;90;4;247.649997
25;1;1;90;4;107.649997
25;1;1;90;4;44.649997
25;1;1;90;4;44.649997
25;1;1;90;4;16.649997
25;1;1;90;4;30.649997
25;1;1;90;4;23.649997
25;1;1;90;4;2.649997
25;1;1;90;4;14.649997
25;1;1;90;4;9.649997
25;1;1;90;4;30.649997
25;1;1;90;4;9.649997
25;1;1;90;4;23.649997
25;1;1;90;4;114.649997
25;1;1;90;4;9.649997
25;1;1;90;4;9.649997
25;1;1;90;4;135.649997
25;1;1;90;4;93.649997
25;1;1;90;4;2.649997
25;1;1;90;4;23.649997
25;1;1;90;4;58.649997
25;1;1;90;4;9.649997
25;3;3;90;8;359.549997
25;1;3;90;4;298.749997
25;1;3;90;6;195.149997
25;3;1;90;4;22.799997
25;3;3;158;7;192.899997
25;1;3;170;6;352.749997
25;1;3;90;4;178.049997
25;1;3;90;4;73.099997
25;3;3;101;9;244.049997
25;1;3;90;8;189.599997
25;3;3;172;9;258.149997
25;3;1;140;4;7.699997
25;3;1;108;4;45.399997
25;3;1;157;8;31.499997
25;3;3;127;8;327.099997
25;3;3;127;8;166.649997
25;1;3;90;6;81.049997
25;3;3;127;8;160.199997
25;1;3;90;6;116.249997
25;3;5;90;4;22.249997
25;3;1;152;4;1.549997
25;1;5;90;13;104.649997
25;1;5;90;4;184.449997
25;3;8;127;19;91.099997
25;3;5;100;8;316.099997
25;3;1;90;9;43.849997
25;3;1;90;9;44.399997
25;3;1;90;9;44.499997
25;3;3;127;9;128.849997
25;3;1;90;9;44.949997
25;3;1;90;9;101.049997
25;3;1;90;9;38.499997
25;3;1;90;4;27.299997
25;6;1;90;15;186.199997
25;1;5;113;4;140.099997
25;1;3;218;4;16.199998
25;7;5;132;11;337.399998
25;7;16;201;33;195.499998
25;6;7;302;4;166.749998
25;5;6;90;4;228.899998
25;3;6;90;6;59.499998
25;3;1;93;4;76.549998
25;3;1;93;4;35.149998
25;3;3;90;9;119.999998
25;3;1;129;7;61.749998
25;1;3;90;7;5.449998
25;3;1;168;4;80.199998
25;3;1;168;4;66.749998
25;3;1;168;4;52.799998
25;3;5;119;8;242.949998
25;13;25;369;4;515.549998
25;6;7;90;4;232.149998
25;1;5;90;13;24.649998
25;3;1;138;6;48.499998
25;1;7;90;12;33.799998
25;11;11;90;6;459.449998
25;9;9;162;4;353.999998
25;5;7;110;4;127.549998
25;6;6;147;4;178.999998
25;3;1;90;7;64.399998
25;1;3;147;8;16.749998
25;3;11;93;18;97.149998
25;1;3;232;4;42.699998
25;1;3;90;4;32.149998
25;7;5;152;16;297.449998
25;1;3;90;4;25.849998
25;6;7;90;11;256.899998
25;1;5;90;16;48.999998
25;6;1;90;9;215.499998
25;7;3;90;11;303.549998
25;1;3;90;8;38.999998
25;3;1;90;4;83.599998
25;3;1;171;4;98.249998
25;1;5;90;9;42.749999
25;5;5;99;4;252.499999
25;3;1;90;6;104.399999
25;1;3;137;9;38.949999
25;3;5;123;4;104.499999
25;3;3;121;4;135.099999
25;3;5;122;14;170.499999
25;6;1;275;12;243.599999
25;3;1;90;13;87.199999
25;3;5;122;14;115.349999
25;3;3;90;6;103.349999
25;3;10;90;4;76.499999
25;3;1;125;4;97.749999
25;5;11;90;4;169.799999
25;3;1;122;4;91.399999
25;1;7;90;15;6.499999
25;5;11;90;4;178.649999
25;3;7;90;4;106.899999
25;3;7;90;4;128.149999
25;3;1;122;4;79.449999
25;1;3;127;8;35.449999
25;1;3;173;4;50.649999
25;5;11;162;11;174.149999
25;3;1;90;6;102.299999
25;1;6;90;12;65.549999
25;3;7;177;4;88.899999
25;1;5;193;4;65.999999
25;7;1;90;4;290.299999
25;7;1;90;4;297.649999
25;6;6;90;4;269.199999
25;7;1;160;9;298.299999
25;1;3;96;4;31.399999
25;1;1;108;4;17.549999
25;1;1;90;6;4.349999
25;7;1;178;28;306.849999
25;1;6;90;4;29.449999
25;1;5;90;9;23.399999
25;5;1;191;4;216.949999
25;5;7;90;12;188.999999
25;1;1;110;8;4.849999
25;3;1;141;15;104.849999
25;6;1;90;4;255.149999
25;1;6;90;11;0.449999
25;1;1;90;4;2.399999
25;3;1;128;8;109.849999
25;7;3;140;4;323.899999
25;7;6;90;10;338.099999
25;1;3;147;4;18.249999
25;5;8;120;11;197.799999
25;5;3;160;9;233.299999
25;6;1;160;9;248.499999
25;5;1;233;4;198.599999
25;3;5;90;4;120.099999
25;3;5;90;4;127.199999
25;3;5;90;4;106.399999
25;1;7;168;4;13.599999
25;3;1;172;4;108.649999
25;1;1;176;4;9.599999
25;1;1;90;12;10.599999
25;3;1;166;7;111.049999
25;1;1;295;4;13.049999
25;5;1;218;9;206.449999
25;6;5;90;10;257.049999
25;7;1;103;4;307.749999
25;1;9;90;4;22.199999
25;7;1;103;4;336.299999
25;3;7;168;4;108.499999
25;6;1;90;15;266.199999
25;7;3;90;4;317.099999
25;1;1;90;4;24.299999
25;1;11;170;15;24.999999
25;6;1;90;4;275.199999
25;1;1;90;4;18.749999
25;1;1;169;4;12.199999
25;5;1;279;4;212.499999
25;5;1;90;16;212.849999
25;6;1;90;4;262.849999
25;7;3;90;7;348.449999
25;5;1;90;16;220.499999
25;1;5;90;4;14.299999
25;1;9;90;13;14.449999
25;1;3;90;13;14.749999
25;1;7;90;8;15.899999
25;1;1;308;7;15.899999
25;3;5;90;7;144.900000
25;3;6;133;4;152.200000
25;6;1;262;7;268.300000
25;7;3;90;9;334.300000
25;1;3;115;4;20.700000
25;1;1;112;11;21.750000
25;1;1;154;7;21.800000
25;6;1;256;8;279.500000
25;1;5;173;9;57.800000
25;5;3;237;4;231.500000
25;3;5;174;9;131.900000
25;3;5;168;4;132.450000
25;6;5;90;4;310.950000
25;10;1;90;4;477.050000
25;6;9;90;4;284.200000
25;3;1;90;10;128.850000
25;7;1;90;4;329.400000
25;3;7;130;4;130.650000
25;3;1;159;4;130.700000
25;3;1;90;13;131.200000
25;1;1;168;4;31.850000
25;7;3;90;4;360.000000
25;1;7;90;12;74.350000
25;1;1;177;4;32.350000
25;3;1;90;11;139.900000
25;3;6;102;4;147.050000
25;6;6;90;4;304.900000
25;5;1;209;16;234.450000
25;6;1;90;16;285.600000
25;3;5;90;17;150.300000
25;1;1;123;4;37.250000
25;3;5;90;17;151.250000
25;3;1;90;4;137.750000
25;1;1;123;4;37.800000
25;8;6;90;17;395.600000
25;1;11;126;4;39.200000
25;3;1;161;9;139.600000
25;3;8;220;7;140.250000
25;1;6;90;11;40.500000
25;7;7;90;17;340.650000
25;1;10;175;20;40.650000
25;14;1;90;4;691.750000
25;1;1;90;10;42.050000
25;1;1;330;6;43.550000
25;1;1;330;6;43.800000
25;1;3;90;16;44.000000
25;5;1;143;15;244.600000
25;3;6;90;4;152.250000
25;3;5;90;6;145.750000
25;1;3;90;9;52.750000
25;1;6;227;11;53.050000
25;1;6;131;4;60.200000
25;1;1;90;16;82.200000
25;1;1;90;16;47.750000
25;3;1;90;8;148.850000
25;1;1;90;4;48.900000
25;7;3;90;6;348.950000
25;1;7;90;11;49.250000
25;1;5;111;6;49.750000
