0;1;1;90;4;48.450000
0;1;1;90;4;41.450000
0;1;1;90;4;41.450000
0;1;1;90;4;41.450000
0;1;1;90;4;41.450000
0;1;1;90;4;62.450000
0;1;1;90;4;97.450000
0;1;1;90;4;69.450000
0;1;1;90;4;83.450000
0;1;1;90;4;41.450000
0;1;1;90;4;104.450000
0;1;1;90;4;69.450000
0;1;1;90;4;76.450000
0;1;1;90;4;62.450000
0;1;1;90;4;97.450000
0;1;1;90;4;48.450000
0;1;1;90;4;76.450000
0;1;1;90;4;90.450000
0;1;1;90;4;76.450000
0;1;1;90;4;27.450000
0;1;1;90;4;62.450000
0;1;1;90;4;62.450000
0;1;1;90;4;97.450000
0;1;1;90;4;97.450000
0;1;1;90;4;62.450000
0;1;1;90;4;83.450000
0;1;1;90;4;83.450000
0;1;1;90;4;83.450000
0;1;1;90;4;167.450000
0;1;1;90;4;76.450000
0;1;1;90;4;76.450000
0;1;1;90;4;76.450000
0;1;1;90;4;76.450000
0;1;1;90;4;83.450000
0;1;1;90;4;76.450000
0;1;1;90;4;90.450000
0;1;1;90;4;55.450000
0;1;1;90;4;90.450000
0;1;1;90;4;76.450000
0;1;1;90;4;83.450000
0;1;1;90;4;62.450000
0;1;1;90;4;69.450000
0;1;1;90;4;76.450000
0;1;1;90;4;55.450000
0;1;1;90;4;76.450000
0;1;1;90;4;76.450000
0;1;1;90;4;181.450000
0;1;1;90;4;83.450000
0;1;1;90;4;83.450000
0;1;1;90;4;111.450000
0;1;1;90;4;83.450000
0;1;1;90;4;111.450000
0;1;1;90;4;97.450000
0;1;1;90;4;90.450000
0;1;1;90;4;90.450000
0;1;1;90;4;111.450000
0;1;1;90;4;83.450000
0;3;3;124;4;181.150000
0;1;1;175;4;54.750000
0;1;1;130;4;48.000000
0;3;3;93;6;155.150000
0;1;3;90;4;48.450000
0;1;3;154;4;55.650000
0;3;3;164;7;149.500000
1;1;1;90;4;39.400000
1;1;1;90;4;32.400000
1;1;1;90;4;32.400000
1;1;1;90;4;32.400000
1;1;1;90;4;28.400000
1;1;1;90;4;144.400000
1;1;1;90;4;60.400000
1;1;1;90;4;95.400000
1;1;1;90;4;32.400000
1;1;1;90;4;116.400000
1;1;1;90;4;60.400000
1;1;1;90;4;67.400000
1;1;1;90;4;116.400000
1;1;1;90;4;46.400000
1;1;1;90;4;67.400000
1;1;1;90;4;109.400000
1;1;1;90;4;81.400000
1;1;1;90;4;53.400000
1;1;1;90;4;60.400000
1;1;1;90;4;123.400000
1;1;1;90;4;130.400000
1;1;1;90;4;67.400000
1;1;1;90;4;88.400000
1;1;1;90;4;95.400000
1;1;1;90;4;102.400000
1;1;1;90;4;158.400000
1;1;1;90;4;88.400000
1;1;1;90;4;74.400000
1;1;1;90;4;130.400000
1;1;1;90;4;102.400000
1;1;1;90;4;88.400000
1;1;1;90;4;109.400000
1;1;1;90;4;130.400000
1;1;1;90;4;102.400000
1;1;1;90;4;88.400000
1;1;1;90;4;116.400000
1;1;1;90;4;81.400000
1;1;1;90;4;74.400000
1;1;1;90;4;200.400000
1;1;1;90;4;102.400000
1;1;1;90;4;109.400000
1;1;1;90;4;123.400000
1;1;1;90;4;123.400000
1;1;1;90;4;151.400000
1;1;1;90;4;144.400000
1;1;1;90;4;88.400000
1;1;1;90;4;172.400000
1;1;1;90;4;144.400000
1;1;1;90;4;116.400000
1;3;3;124;4;242.100000
1;1;1;130;4;59.950000
1;3;3;93;6;174.100000
1;1;3;90;4;74.400000
1;1;3;154;4;158.600000
1;3;3;164;7;175.450000
1;3;3;90;7;178.050000
1;3;3;153;6;178.150000
1;1;1;133;4;58.000000
1;3;3;99;4;173.800000
1;3;3;176;4;202.250000
1;1;3;90;6;88.550000
1;3;3;90;7;195.900000
1;3;1;126;4;153.950000
1;3;3;116;6;154.400000
1;7;7;90;4;362.100000
1;1;3;90;6;48.600000
1;3;3;90;8;148.700000
1;3;3;140;9;148.900000
1;1;1;90;8;56.100000
2;1;1;90;4;31.100000
2;1;1;90;4;24.100000
2;1;1;90;4;24.100000
2;1;1;90;4;143.100000
2;1;1;90;4;66.100000
2;1;1;90;4;101.100000
2;1;1;90;4;24.100000
2;1;1;90;4;122.100000
2;1;1;90;4;52.100000
2;1;1;90;4;66.100000
2;1;1;90;4;136.100000
2;1;1;90;4;45.100000
2;1;1;90;4;31.100000
2;1;1;90;4;115.100000
2;1;1;90;4;80.100000
2;1;1;90;4;52.100000
2;1;1;90;4;59.100000
2;1;1;90;4;115.100000
2;1;1;90;4;171.100000
2;1;1;90;4;66.100000
2;1;1;90;4;80.100000
2;1;1;90;4;108.100000
2;1;1;90;4;150.100000
2;1;1;90;4;80.100000
2;1;1;90;4;66.100000
2;1;1;90;4;129.100000
2;1;1;90;4;108.100000
2;1;1;90;4;87.100000
2;1;1;90;4;178.100000
2;1;1;90;4;136.100000
2;1;1;90;4;101.100000
2;1;1;90;4;80.100000
2;1;1;90;4;115.100000
2;1;1;90;4;80.100000
2;1;1;90;4;73.100000
2;1;1;90;4;199.100000
2;1;1;90;4;108.100000
2;1;1;90;4;185.100000
2;1;1;90;4;122.100000
2;1;1;90;4;150.100000
2;1;1;90;4;150.100000
2;1;1;90;4;150.100000
2;1;1;90;4;206.100000
2;1;1;90;4;143.100000
2;1;1;90;4;122.100000
2;3;3;124;4;289.800000
2;1;1;130;4;65.650000
2;3;3;93;6;228.800000
2;1;3;90;4;115.100000
2;1;3;154;4;206.300000
2;3;3;164;7;230.150000
2;3;3;90;7;239.750000
2;3;3;153;6;260.850000
2;1;1;133;4;70.700000
2;3;3;99;4;242.500000
2;3;3;176;4;249.950000
2;1;3;90;6;157.250000
2;3;3;90;7;243.600000
2;3;1;126;4;152.650000
2;3;3;116;6;188.100000
2;7;7;90;4;353.800000
2;1;3;90;6;75.300000
2;3;3;90;8;182.400000
2;3;3;140;9;175.600000
2;1;1;90;8;61.800000
2;1;3;129;4;78.500000
2;3;1;90;7;64.950000
2;1;3;90;4;80.100000
2;1;3;90;4;60.300000
2;3;1;90;9;147.250000
2;5;7;90;4;269.000000
2;6;1;90;7;298.050000
2;3;7;90;8;148.150000
2;1;3;135;4;55.650000
2;3;1;90;7;149.350000
3;1;1;90;4;22.049999
3;1;1;90;4;15.049999
3;1;1;90;4;15.049999
3;1;1;90;4;134.049999
3;1;1;90;4;57.049999
3;1;1;90;4;99.049999
3;1;1;90;4;15.049999
3;1;1;90;4;120.049999
3;1;1;90;4;43.049999
3;1;1;90;4;71.049999
3;1;1;90;4;204.049999
3;1;1;90;4;43.049999
3;1;1;90;4;113.049999
3;1;1;90;4;78.049999
3;1;1;90;4;43.049999
3;1;1;90;4;50.049999
3;1;1;90;4;141.049999
3;1;1;90;4;281.049999
3;1;1;90;4;64.049999
3;1;1;90;4;71.049999
3;1;1;90;4;99.049999
3;1;1;90;4;141.049999
3;1;1;90;4;71.049999
3;1;1;90;4;57.049999
3;1;1;90;4;120.049999
3;1;1;90;4;106.049999
3;1;1;90;4;85.049999
3;1;1;90;4;176.049999
3;1;1;90;4;127.049999
3;1;1;90;4;99.049999
3;1;1;90;4;71.049999
3;1;1;90;4;106.049999
3;1;1;90;4;71.049999
3;1;1;90;4;71.049999
3;1;1;90;4;197.049999
3;1;1;90;4;29.049999
3;1;1;90;4;288.049999
3;1;1;90;4;281.049999
3;1;1;90;4;148.049999
3;1;1;90;4;148.049999
3;1;1;90;4;155.049999
3;1;1;90;4;204.049999
3;1;1;90;4;134.049999
3;1;1;90;4;120.049999
3;3;3;124;4;294.750000
3;1;1;130;4;56.600000
3;3;3;93;6;226.750000
3;1;3;90;4;127.050000
3;1;3;154;4;267.250000
3;3;3;164;7;270.100000
3;3;3;90;7;293.700000
3;3;3;153;6;300.800000
3;1;1;133;4;75.650000
3;3;3;99;4;303.450000
3;3;3;176;4;310.900000
3;1;3;90;6;183.200000
3;3;3;90;7;297.550000
3;3;1;126;4;150.600000
3;3;3;116;6;214.050000
3;7;7;90;4;344.750000
3;1;3;90;6;122.250000
3;3;3;90;8;187.350000
3;3;3;140;9;180.550000
3;1;1;90;8;59.750000
3;1;3;129;4;104.450000
3;3;1;90;7;47.900000
3;1;3;90;4;85.050000
3;1;3;90;4;65.250000
3;3;1;90;9;145.200000
3;5;7;90;4;259.950000
3;6;1;90;7;296.000000
3;3;7;90;8;139.100000
3;1;3;135;4;53.600000
3;3;1;90;7;147.300000
3;5;7;180;6;284.100000
3;3;3;90;4;178.900000
3;3;3;144;4;143.900000
3;3;1;124;8;145.100000
3;3;1;151;4;145.750000
3;1;1;181;9;46.600000
3;1;1;169;4;47.200000
3;1;6;90;4;75.950000
3;1;6;90;4;76.050000
3;1;1;90;4;62.500000
3;1;3;173;4;49.050000
3;3;1;255;4;149.850000
3;3;1;90;7;150.000000
4;1;1;90;4;12.999999
4;1;1;90;4;5.999999
4;1;1;90;4;5.999999
4;1;1;90;4;131.999999
4;1;1;90;4;47.999999
4;1;1;90;4;96.999999
4;1;1;90;4;5.999999
4;1;1;90;4;117.999999
4;1;1;90;4;33.999999
4;1;1;90;4;61.999999
4;1;1;90;4;194.999999
4;1;1;90;4;33.999999
4;1;1;90;4;110.999999
4;1;1;90;4;68.999999
4;1;1;90;4;33.999999
4;1;1;90;4;40.999999
4;1;1;90;4;131.999999
4;1;1;90;4;271.999999
4;1;1;90;4;61.999999
4;1;1;90;4;68.999999
4;1;1;90;4;89.999999
4;1;1;90;4;131.999999
4;1;1;90;4;61.999999
4;1;1;90;4;47.999999
4;1;1;90;4;103.999999
4;1;1;90;4;75.999999
4;1;1;90;4;173.999999
4;1;1;90;4;117.999999
4;1;1;90;4;89.999999
4;1;1;90;4;61.999999
4;1;1;90;4;96.999999
4;1;1;90;4;61.999999
4;1;1;90;4;68.999999
4;1;1;90;4;187.999999
4;1;1;90;4;278.999999
4;1;1;90;4;278.999999
4;1;1;90;4;138.999999
4;1;1;90;4;70.999999
4;1;1;90;4;145.999999
4;1;1;90;4;194.999999
4;1;1;90;4;131.999999
4;1;1;90;4;117.999999
4;3;3;124;4;313.699999
4;3;3;93;6;231.699999
4;1;3;90;4;117.999999
4;1;3;154;4;265.199999
4;3;3;164;7;261.049999
4;3;3;90;7;291.650000
4;3;3;153;6;298.750000
4;1;1;133;4;73.600000
4;3;3;99;4;301.400000
4;3;3;176;4;308.850000
4;1;3;90;6;188.150000
4;3;3;90;7;288.500000
4;3;1;126;4;155.550000
4;3;3;116;6;226.000000
4;7;7;90;4;335.700000
4;1;3;90;6;127.200000
4;3;3;90;8;227.300000
4;3;3;140;9;178.500000
4;1;1;90;8;57.700000
4;1;3;129;4;102.400000
4;3;1;90;7;45.850000
4;1;3;90;4;132.000000
4;1;3;90;4;77.200000
4;3;1;90;9;143.150000
4;5;7;90;4;250.900000
4;6;1;90;7;286.950000
4;3;7;90;8;130.050000
4;1;3;135;4;65.550000
4;3;1;90;7;138.250000
4;5;7;180;6;296.050000
4;3;3;90;4;176.850000
4;3;3;144;4;155.850000
4;3;1;124;8;136.050000
4;3;1;151;4;136.700000
4;1;1;181;9;37.550000
4;1;1;169;4;45.150000
4;1;6;90;4;73.900000
4;1;6;90;4;74.000000
4;1;1;90;4;53.450000
4;1;3;173;4;75.000000
4;3;1;255;4;140.800000
4;3;1;90;7;140.950000
4;3;3;94;9;142.500000
4;3;3;123;8;142.500000
4;3;3;90;4;149.850000
4;1;3;90;9;59.100000
4;3;3;128;4;145.350000
4;3;1;156;13;145.900000
4;6;6;90;4;332.400000
4;1;6;90;7;47.450000
4;3;1;111;7;148.000000
4;3;1;90;4;148.100000
4;1;1;128;4;62.350000
4;1;1;128;4;55.400000
4;1;1;128;4;62.600000
4;6;6;90;4;305.700000
4;3;3;170;7;149.150000
5;1;1;90;4;3.949999
5;1;1;90;4;129.949999
5;1;1;90;4;38.949999
5;1;1;90;4;94.949999
5;1;1;90;4;108.949999
5;1;1;90;4;24.949999
5;1;1;90;4;52.949999
5;1;1;90;4;185.949999
5;1;1;90;4;24.949999
5;1;1;90;4;108.949999
5;1;1;90;4;66.949999
5;1;1;90;4;24.949999
5;1;1;90;4;31.949999
5;1;1;90;4;136.949999
5;1;1;90;4;262.949999
5;1;1;90;4;52.949999
5;1;1;90;4;66.949999
5;1;1;90;4;80.949999
5;1;1;90;4;122.949999
5;1;1;90;4;52.949999
5;1;1;90;4;45.949999
5;1;1;90;4;94.949999
5;1;1;90;4;66.949999
5;1;1;90;4;171.949999
5;1;1;90;4;115.949999
5;1;1;90;4;87.949999
5;1;1;90;4;52.949999
5;1;1;90;4;94.949999
5;1;1;90;4;52.949999
5;1;1;90;4;66.949999
5;1;1;90;4;185.949999
5;1;1;90;4;276.949999
5;1;1;90;4;269.949999
5;1;1;90;4;129.949999
5;1;1;90;4;68.949999
5;1;1;90;4;143.949999
5;1;1;90;4;185.949999
5;1;1;90;4;122.949999
5;1;1;90;4;115.949999
5;3;3;124;4;318.649999
5;3;3;93;6;229.649999
5;1;3;90;4;122.949999
5;1;3;154;4;263.149999
5;3;3;164;7;258.999999
5;3;3;90;7;289.599999
5;3;3;153;6;303.699999
5;1;1;133;4;71.549999
5;3;3;99;4;306.349999
5;3;3;176;4;313.799999
5;1;3;90;6;186.099999
5;3;3;90;7;286.449999
5;3;1;126;4;153.499999
5;3;3;116;6;223.949999
5;7;7;90;4;326.649999
5;1;3;90;6;167.149999
5;3;3;90;8;232.249999
5;3;3;140;9;176.449999
5;1;1;90;8;48.649999
5;1;3;129;4;100.349999
5;3;1;90;7;43.800000
5;1;3;90;4;129.950000
5;1;3;90;4;75.150000
5;3;1;90;9;141.100000
5;5;7;90;4;241.850000
5;6;1;90;7;277.900000
5;3;7;90;8;121.000000
5;1;3;135;4;63.500000
5;3;1;90;7;143.200000
5;5;7;180;6;329.000000
5;3;3;90;4;181.800000
5;3;3;144;4;153.800000
5;3;1;124;8;134.000000
5;3;1;151;4;134.650000
5;1;1;181;9;35.500000
5;1;1;169;4;36.100000
5;1;6;90;4;71.850000
5;1;6;90;4;71.950000
5;1;1;90;4;44.400000
5;1;3;173;4;72.950000
5;3;1;255;4;131.750000
5;3;1;90;7;131.900000
5;3;3;94;9;140.450000
5;3;3;123;8;140.450000
5;3;3;90;4;154.800000
5;1;3;90;9;57.050000
5;3;3;128;4;143.300000
5;3;1;156;13;136.850000
5;6;6;90;4;337.350000
5;1;6;90;7;45.400000
5;3;1;111;7;138.950000
5;3;1;90;4;146.050000
5;1;1;128;4;60.300000
5;1;1;128;4;53.350000
5;1;1;128;4;60.550000
5;6;6;90;4;317.650000
5;3;3;170;7;147.100000
5;1;3;158;4;41.600000
5;3;3;90;4;142.000000
5;7;1;90;12;342.400000
5;1;3;111;4;50.250000
5;3;1;171;11;160.750000
5;3;1;162;4;147.300000
6;1;1;90;4;120.899999
6;1;1;90;4;29.899999
6;1;1;90;4;85.899999
6;1;1;90;4;99.899999
6;1;1;90;4;15.899999
6;1;1;90;4;50.899999
6;1;1;90;4;183.899999
6;1;1;90;4;15.899999
6;1;1;90;4;99.899999
6;1;1;90;4;57.899999
6;1;1;90;4;15.899999
6;1;1;90;4;29.899999
6;1;1;90;4;127.899999
6;1;1;90;4;260.899999
6;1;1;90;4;43.899999
6;1;1;90;4;57.899999
6;1;1;90;4;71.899999
6;1;1;90;4;113.899999
6;1;1;90;4;50.899999
6;1;1;90;4;36.899999
6;1;1;90;4;85.899999
6;1;1;90;4;64.899999
6;1;1;90;4;162.899999
6;1;1;90;4;106.899999
6;1;1;90;4;78.899999
6;1;1;90;4;50.899999
6;1;1;90;4;85.899999
6;1;1;90;4;43.899999
6;1;1;90;4;64.899999
6;1;1;90;4;176.899999
6;1;1;90;4;267.899999
6;1;1;90;4;267.899999
6;1;1;90;4;127.899999
6;1;1;90;4;66.899999
6;1;1;90;4;134.899999
6;1;1;90;4;183.899999
6;1;1;90;4;120.899999
6;1;1;90;4;106.899999
6;3;3;124;4;316.599999
6;3;3;93;6;227.599999
6;1;3;90;4;120.899999
6;1;3;154;4;261.099999
6;3;3;164;7;256.949999
6;3;3;90;7;287.549999
6;3;3;153;6;308.649999
6;1;1;133;4;69.499999
6;3;3;99;4;311.299999
6;3;3;176;4;304.749999
6;1;3;90;6;177.049999
6;3;3;90;7;277.399999
6;3;1;126;4;144.449999
6;3;3;116;6;214.899999
6;7;7;90;4;317.599999
6;1;3;90;6;158.099999
6;3;3;90;8;230.199999
6;3;3;140;9;174.399999
6;1;1;90;8;46.599999
6;1;3;129;4;98.299999
6;3;1;90;7;34.749999
6;1;3;90;4;120.899999
6;1;3;90;4;66.099999
6;3;1;90;9;132.049999
6;5;7;90;4;232.799999
6;6;1;90;7;275.849999
6;3;7;90;8;111.949999
6;1;3;135;4;54.449999
6;3;1;90;7;141.149999
6;5;7;180;6;445.949999
6;3;3;90;4;186.750000
6;3;3;144;4;158.750000
6;3;1;124;8;124.950000
6;3;1;151;4;125.600000
6;1;1;181;9;26.450000
6;1;1;169;4;27.050000
6;1;6;90;4;69.800000
6;1;6;90;4;62.900000
6;1;1;90;4;35.350000
6;1;3;173;4;77.900000
6;3;1;255;4;129.700000
6;3;1;90;7;122.850000
6;3;3;94;9;145.400000
6;3;3;123;8;145.400000
6;3;3;90;4;145.750000
6;1;3;90;9;62.000000
6;3;3;128;4;141.250000
6;3;1;156;13;134.800000
6;6;6;90;4;335.300000
6;1;6;90;7;43.350000
6;3;1;111;7;136.900000
6;3;1;90;4;137.000000
6;1;1;128;4;51.250000
6;1;1;128;4;44.300000
6;1;1;128;4;51.500000
6;6;6;90;4;315.600000
6;3;3;170;7;145.050000
6;1;3;158;4;32.550000
6;3;3;90;4;139.950000
6;7;1;90;12;333.350000
6;1;3;111;4;48.200000
6;3;1;171;11;158.700000
6;3;1;162;4;138.250000
6;3;1;172;8;142.250000
6;1;1;106;4;49.650000
6;1;1;171;4;43.350000
6;1;1;90;6;43.550000
6;3;1;124;8;143.900000
6;1;1;90;12;49.300000
6;3;1;142;6;149.400000
6;1;5;204;6;49.550000
7;1;1;90;4;125.849999
7;1;1;90;4;20.849999
7;1;1;90;4;76.849999
7;1;1;90;4;97.849999
7;1;1;90;4;6.849999
7;1;1;90;4;41.849999
7;1;1;90;4;174.849999
7;1;1;90;4;6.849999
7;1;1;90;4;90.849999
7;1;1;90;4;55.849999
7;1;1;90;4;6.849999
7;1;1;90;4;20.849999
7;1;1;90;4;118.849999
7;1;1;90;4;258.849999
7;1;1;90;4;34.849999
7;1;1;90;4;55.849999
7;1;1;90;4;62.849999
7;1;1;90;4;111.849999
7;1;1;90;4;41.849999
7;1;1;90;4;27.849999
7;1;1;90;4;76.849999
7;1;1;90;4;55.849999
7;1;1;90;4;160.849999
7;1;1;90;4;97.849999
7;1;1;90;4;69.849999
7;1;1;90;4;41.849999
7;1;1;90;4;76.849999
7;1;1;90;4;34.849999
7;1;1;90;4;55.849999
7;1;1;90;4;167.849999
7;1;1;90;4;258.849999
7;1;1;90;4;258.849999
7;1;1;90;4;118.849999
7;1;1;90;4;57.849999
7;1;1;90;4;125.849999
7;1;1;90;4;174.849999
7;1;1;90;4;118.849999
7;1;1;90;4;97.849999
7;3;3;124;4;314.549999
7;3;3;93;6;225.549999
7;1;3;90;4;139.849999
7;1;3;154;4;259.049999
7;3;3;164;7;254.899999
7;3;3;90;7;334.499999
7;3;3;153;6;334.599999
7;1;1;133;4;67.449999
7;3;3;99;4;337.249999
7;3;3;176;4;309.699999
7;1;3;90;6;174.999999
7;3;3;90;7;275.349999
7;3;1;126;4;142.399999
7;3;3;116;6;212.849999
7;7;7;90;4;308.549999
7;1;3;90;6;163.049999
7;3;3;90;8;228.149999
7;3;3;140;9;165.349999
7;1;1;90;8;44.549999
7;1;3;129;4;89.249999
7;3;1;90;7;25.699999
7;1;3;90;4;118.849999
7;1;3;90;4;64.049999
7;3;1;90;9;122.999999
7;5;7;90;4;223.749999
7;6;1;90;7;266.799999
7;3;7;90;8;102.899999
7;1;3;135;4;52.399999
7;3;1;90;7;132.099999
7;5;7;180;6;436.899999
7;3;3;90;4;177.699999
7;3;3;144;4;149.699999
7;3;1;124;8;115.899999
7;3;1;151;4;123.549999
7;1;1;181;9;24.399999
7;1;1;169;4;24.999999
7;1;6;90;4;67.749999
7;1;6;90;4;53.849999
7;1;1;90;4;33.299999
7;1;3;173;4;68.849999
7;3;1;255;4;127.649999
7;3;1;90;7;113.799999
7;3;3;94;9;136.349999
7;3;3;123;8;136.349999
7;3;3;90;4;143.699999
7;1;3;90;9;52.950000
7;3;3;128;4;153.200000
7;3;1;156;13;132.750000
7;6;6;90;4;340.250000
7;1;6;90;7;34.300000
7;3;1;111;7;127.850000
7;3;1;90;4;127.950000
7;1;1;128;4;49.200000
7;1;1;128;4;35.250000
7;1;1;128;4;42.450000
7;6;6;90;4;313.550000
7;3;3;170;7;143.000000
7;1;3;158;4;30.500000
7;3;3;90;4;130.900000
7;7;1;90;12;331.300000
7;1;3;111;4;46.150000
7;3;1;171;11;149.650000
7;3;1;162;4;129.200000
7;3;1;172;8;140.200000
7;1;1;106;4;40.600000
7;1;1;171;4;34.300000
7;1;1;90;6;34.500000
7;3;1;124;8;134.850000
7;1;1;90;12;40.250000
7;3;1;142;6;140.350000
7;1;5;204;6;47.500000
7;1;1;152;4;48.050000
7;3;1;90;4;141.200000
7;1;1;90;4;41.400000
7;3;1;90;8;142.650000
7;1;5;90;4;81.100000
7;1;5;90;4;81.650000
7;1;1;90;4;60.950000
7;1;1;90;4;82.150000
7;1;1;90;4;82.300000
7;7;1;188;4;354.850000
7;7;1;188;4;355.000000
7;7;1;188;4;348.050000
7;7;1;188;4;348.100000
8;1;1;90;4;116.799999
8;1;1;90;4;11.799999
8;1;1;90;4;74.799999
8;1;1;90;4;88.799999
8;1;1;90;4;32.799999
8;1;1;90;4;165.799999
8;1;1;90;4;88.799999
8;1;1;90;4;46.799999
8;1;1;90;4;11.799999
8;1;1;90;4;11.799999
8;1;1;90;4;109.799999
8;1;1;90;4;249.799999
8;1;1;90;4;25.799999
8;1;1;90;4;53.799999
8;1;1;90;4;53.799999
8;1;1;90;4;102.799999
8;1;1;90;4;32.799999
8;1;1;90;4;25.799999
8;1;1;90;4;67.799999
8;1;1;90;4;46.799999
8;1;1;90;4;151.799999
8;1;1;90;4;95.799999
8;1;1;90;4;60.799999
8;1;1;90;4;32.799999
8;1;1;90;4;67.799999
8;1;1;90;4;25.799999
8;1;1;90;4;53.799999
8;1;1;90;4;165.799999
8;1;1;90;4;249.799999
8;1;1;90;4;249.799999
8;1;1;90;4;109.799999
8;1;1;90;4;48.799999
8;1;1;90;4;116.799999
8;1;1;90;4;165.799999
8;1;1;90;4;109.799999
8;1;1;90;4;95.799999
8;3;3;124;4;312.499999
8;3;3;93;6;223.499999
8;1;3;90;4;137.799999
8;1;3;154;4;249.999999
8;3;3;164;7;252.849999
8;3;3;90;7;325.449999
8;3;3;153;6;325.549999
8;1;1;133;4;58.399999
8;3;3;99;4;335.199999
8;3;3;176;4;307.649999
8;1;3;90;6;172.949999
8;3;3;90;7;266.299999
8;3;1;126;4;133.349999
8;3;3;116;6;210.799999
8;7;7;90;4;299.499999
8;1;3;90;6;160.999999
8;3;3;90;8;219.099999
8;3;3;140;9;163.299999
8;1;1;90;8;35.499999
8;1;3;129;4;87.199999
8;3;1;90;7;23.649999
8;1;3;90;4;116.799999
8;1;3;90;4;82.999999
8;3;1;90;9;113.949999
8;5;7;90;4;214.699999
8;6;1;90;7;257.749999
8;3;7;90;8;93.849999
8;1;3;135;4;50.349999
8;3;1;90;7;123.049999
8;5;7;180;6;427.849999
8;3;3;90;4;175.649999
8;3;3;144;4;147.649999
8;3;1;124;8;113.849999
8;3;1;151;4;114.499999
8;1;1;181;9;15.349999
8;1;1;169;4;15.949999
8;1;6;90;4;65.699999
8;1;6;90;4;44.799999
8;1;1;90;4;24.249999
8;1;3;173;4;66.799999
8;3;1;255;4;118.599999
8;3;1;90;7;111.749999
8;3;3;94;9;134.299999
8;3;3;123;8;134.299999
8;3;3;90;4;141.649999
8;1;3;90;9;50.899999
8;3;3;128;4;151.149999
8;3;1;156;13;123.699999
8;6;6;90;4;338.199999
8;1;6;90;7;25.249999
8;3;1;111;7;125.799999
8;3;1;90;4;125.899999
8;1;1;128;4;47.149999
8;1;1;128;4;33.199999
8;1;1;128;4;33.399999
8;6;6;90;4;318.499999
8;3;3;170;7;140.949999
8;1;3;158;4;35.449999
8;3;3;90;4;128.849999
8;7;1;90;12;322.249999
8;1;3;111;4;44.099999
8;3;1;171;11;140.600000
8;3;1;162;4;127.150000
8;3;1;172;8;131.150000
8;1;1;106;4;38.550000
8;1;1;171;4;25.250000
8;1;1;90;6;25.450000
8;3;1;124;8;125.800000
8;1;1;90;12;31.200000
8;3;1;142;6;131.300000
8;1;5;204;6;52.450000
8;1;1;152;4;39.000000
8;3;1;90;4;132.150000
8;1;1;90;4;32.350000
8;3;1;90;8;133.600000
8;1;5;90;4;114.050000
8;1;5;90;4;107.600000
8;1;1;90;4;51.900000
8;1;1;90;4;73.100000
8;1;1;90;4;73.250000
8;7;1;188;4;345.800000
8;7;1;188;4;345.950000
8;7;1;188;4;339.000000
8;7;1;188;4;339.050000
8;3;3;100;4;145.200000
8;3;1;153;8;146.050000
8;1;1;165;6;46.400000
8;3;1;151;7;146.950000
9;1;1;90;4;107.849999
9;1;1;90;4;2.849999
9;1;1;90;4;65.849999
9;1;1;90;4;86.849999
9;1;1;90;4;23.849999
9;1;1;90;4;163.849999
9;1;1;90;4;79.849999
9;1;1;90;4;37.849999
9;1;1;90;4;9.849999
9;1;1;90;4;2.849999
9;1;1;90;4;107.849999
9;1;1;90;4;240.849999
9;1;1;90;4;16.849999
9;1;1;90;4;44.849999
9;1;1;90;4;44.849999
9;1;1;90;4;93.849999
9;1;1;90;4;23.849999
9;1;1;90;4;16.849999
9;1;1;90;4;58.849999
9;1;1;90;4;37.849999
9;1;1;90;4;142.849999
9;1;1;90;4;86.849999
9;1;1;90;4;51.849999
9;1;1;90;4;23.849999
9;1;1;90;4;65.849999
9;1;1;90;4;16.849999
9;1;1;90;4;44.849999
9;1;1;90;4;191.849999
9;1;1;90;4;247.849999
9;1;1;90;4;247.849999
9;1;1;90;4;107.849999
9;1;1;90;4;46.849999
9;1;1;90;4;114.849999
9;1;1;90;4;163.849999
9;1;1;90;4;100.849999
9;1;1;90;4;86.849999
9;3;3;124;4;310.549999
9;3;3;93;6;228.549999
9;1;3;90;4;142.849999
9;1;3;154;4;262.049999
9;3;3;164;7;257.899999
9;3;3;90;7;323.499999
9;3;3;153;6;323.599999
9;1;1;133;4;49.449999
9;3;3;99;4;340.249999
9;3;3;176;4;312.699999
9;1;3;90;6;177.999999
9;3;3;90;7;278.349999
9;3;1;126;4;124.399999
9;3;3;116;6;208.849999
9;7;7;90;4;290.549999
9;1;3;90;6;166.049999
9;3;3;90;8;217.149999
9;3;3;140;9;161.349999
9;1;1;90;8;26.549999
9;1;3;129;4;85.249999
9;3;1;90;7;14.699999
9;1;3;90;4;114.849999
9;1;3;90;4;109.049999
9;3;1;90;9;111.999999
9;5;7;90;4;205.749999
9;6;1;90;7;255.799999
9;3;7;90;8;84.899999
9;1;3;135;4;48.399999
9;3;1;90;7;114.099999
9;5;7;180;6;418.899999
9;3;3;90;4;187.699999
9;3;3;144;4;152.699999
9;3;1;124;8;104.899999
9;3;1;151;4;105.549999
9;1;1;181;9;6.399999
9;1;1;169;4;6.999999
9;1;6;90;4;63.749999
9;1;6;90;4;35.849999
9;1;1;90;4;15.299999
9;1;3;173;4;64.849999
9;3;1;255;4;109.649999
9;3;1;90;7;102.799999
9;3;3;94;9;132.349999
9;3;3;123;8;132.349999
9;3;3;90;4;139.699999
9;1;3;90;9;48.949999
9;3;3;128;4;184.199999
9;3;1;156;13;114.749999
9;6;6;90;4;336.249999
9;1;6;90;7;16.299999
9;3;1;111;7;116.849999
9;3;1;90;4;116.949999
9;1;1;128;4;38.199999
9;1;1;128;4;31.249999
9;1;1;128;4;24.449999
9;6;6;90;4;316.549999
9;3;3;170;7;138.999999
9;1;3;158;4;40.499999
9;3;3;90;4;140.899999
9;7;1;90;12;313.299999
9;1;3;111;4;42.149999
9;3;1;171;11;131.649999
9;3;1;162;4;118.199999
9;3;1;172;8;122.199999
9;1;1;106;4;36.599999
9;1;1;171;4;16.299999
9;1;1;90;6;23.500000
9;3;1;124;8;116.850000
9;1;1;90;12;22.250000
9;3;1;142;6;122.350000
9;1;5;204;6;50.500000
9;1;1;152;4;30.050000
9;3;1;90;4;123.200000
9;1;1;90;4;23.400000
9;3;1;90;8;124.650000
9;1;5;90;4;112.100000
9;1;5;90;4;105.650000
9;1;1;90;4;49.950000
9;1;1;90;4;71.150000
9;1;1;90;4;71.300000
9;7;1;188;4;343.850000
9;7;1;188;4;344.000000
9;7;1;188;4;337.050000
9;7;1;188;4;337.100000
9;3;3;100;4;150.250000
9;3;1;153;8;137.100000
9;1;1;165;6;44.450000
9;3;1;151;7;145.000000
9;1;7;90;8;49.050000
9;3;1;90;4;150.600000
9;6;6;196;8;307.750000
9;6;6;196;8;322.200000
9;1;1;110;8;44.500000
9;1;1;90;4;46.900000
9;1;1;163;9;46.900000
9;1;1;90;4;46.950000
9;1;1;163;9;46.950000
9;3;1;90;8;149.900000
10;1;1;90;4;105.799999
10;1;1;90;4;56.799999
10;1;1;90;4;84.799999
10;1;1;90;4;14.799999
10;1;1;90;4;161.799999
10;1;1;90;4;70.799999
10;1;1;90;4;28.799999
10;1;1;90;4;0.799999
10;1;1;90;4;105.799999
10;1;1;90;4;238.799999
10;1;1;90;4;7.799999
10;1;1;90;4;35.799999
10;1;1;90;4;35.799999
10;1;1;90;4;84.799999
10;1;1;90;4;14.799999
10;1;1;90;4;7.799999
10;1;1;90;4;56.799999
10;1;1;90;4;35.799999
10;1;1;90;4;133.799999
10;1;1;90;4;84.799999
10;1;1;90;4;49.799999
10;1;1;90;4;14.799999
10;1;1;90;4;56.799999
10;1;1;90;4;7.799999
10;1;1;90;4;35.799999
10;1;1;90;4;182.799999
10;1;1;90;4;238.799999
10;1;1;90;4;238.799999
10;1;1;90;4;105.799999
10;1;1;90;4;37.799999
10;1;1;90;4;105.799999
10;1;1;90;4;154.799999
10;1;1;90;4;98.799999
10;1;1;90;4;77.799999
10;3;3;124;4;308.499999
10;3;3;93;6;219.499999
10;1;3;90;4;133.799999
10;1;3;154;4;252.999999
10;3;3;164;7;248.849999
10;3;3;90;7;321.449999
10;3;3;153;6;321.549999
10;1;1;133;4;40.399999
10;3;3;99;4;331.199999
10;3;3;176;4;310.649999
10;1;3;90;6;168.949999
10;3;3;90;7;269.299999
10;3;1;126;4;115.349999
10;3;3;116;6;206.799999
10;7;7;90;4;281.499999
10;1;3;90;6;156.999999
10;3;3;90;8;215.099999
10;3;3;140;9;152.299999
10;1;1;90;8;17.499999
10;1;3;129;4;76.199999
10;3;1;90;7;5.649999
10;1;3;90;4;112.799999
10;1;3;90;4;106.999999
10;3;1;90;9;109.949999
10;5;7;90;4;196.699999
10;6;1;90;7;246.749999
10;3;7;90;8;75.849999
10;1;3;135;4;46.349999
10;3;1;90;7;105.049999
10;5;7;180;6;409.849999
10;3;3;90;4;178.649999
10;3;3;144;4;150.649999
10;3;1;124;8;95.849999
10;3;1;151;4;96.499999
10;1;6;90;4;68.699999
10;1;6;90;4;26.799999
10;1;1;90;4;13.249999
10;1;3;173;4;62.799999
10;3;1;255;4;100.599999
10;3;1;90;7;100.749999
10;3;3;94;9;123.299999
10;3;3;123;8;123.299999
10;3;3;90;4;144.649999
10;1;3;90;9;46.899999
10;3;3;128;4;175.149999
10;3;1;156;13;105.699999
10;6;6;90;4;341.199999
10;1;6;90;7;7.249999
10;3;1;111;7;107.799999
10;3;1;90;4;114.899999
10;1;1;128;4;29.149999
10;1;1;128;4;22.199999
10;1;1;128;4;22.399999
10;6;6;90;4;321.499999
10;3;3;170;7;129.949999
10;1;3;158;4;38.449999
10;3;3;90;4;131.849999
10;7;1;90;12;311.249999
10;1;3;111;4;33.099999
10;3;1;171;11;122.599999
10;3;1;162;4;109.149999
10;3;1;172;8;113.149999
10;1;1;106;4;27.549999
10;1;1;171;4;14.249999
10;1;1;90;6;21.449999
10;3;1;124;8;114.799999
10;1;1;90;12;13.199999
10;3;1;142;6;120.299999
10;1;5;204;6;48.449999
10;1;1;152;4;20.999999
10;3;1;90;4;121.149999
10;1;1;90;4;21.349999
10;3;1;90;8;122.599999
10;1;5;90;4;117.050000
10;1;5;90;4;110.600000
10;1;1;90;4;40.900000
10;1;1;90;4;62.100000
10;1;1;90;4;62.250000
10;7;1;188;4;334.800000
10;7;1;188;4;334.950000
10;7;1;188;4;328.000000
10;7;1;188;4;328.050000
10;3;3;100;4;141.200000
10;3;1;153;8;135.050000
10;1;1;165;6;42.400000
10;3;1;151;7;142.950000
10;1;7;90;8;40.000000
10;3;1;90;4;141.550000
10;6;6;196;8;298.700000
10;6;6;196;8;320.150000
10;1;1;110;8;35.450000
10;1;1;90;4;44.850000
10;1;1;163;9;44.850000
10;1;1;90;4;44.900000
10;1;1;163;9;44.900000
10;3;1;90;8;140.850000
10;1;6;90;13;49.500000
10;7;15;109;4;343.200000
10;7;5;116;7;343.700000
10;1;1;139;4;44.800000
10;6;5;90;4;295.650000
10;1;1;177;4;48.650000
10;3;3;90;7;149.150000
10;3;3;149;4;149.900000
11;1;1;90;4;97.299998
11;1;1;90;4;55.299998
11;1;1;90;4;76.299998
11;1;1;90;4;6.299998
11;1;1;90;4;153.299998
11;1;1;90;4;69.299998
11;1;1;90;4;34.299998
11;1;1;90;4;104.299998
11;1;1;90;4;230.299998
11;1;1;90;4;27.299998
11;1;1;90;4;27.299998
11;1;1;90;4;76.299998
11;1;1;90;4;6.299998
11;1;1;90;4;48.299998
11;1;1;90;4;27.299998
11;1;1;90;4;132.299998
11;1;1;90;4;76.299998
11;1;1;90;4;41.299998
11;1;1;90;4;6.299998
11;1;1;90;4;55.299998
11;1;1;90;4;34.299998
11;1;1;90;4;174.299998
11;1;1;90;4;230.299998
11;1;1;90;4;237.299998
11;1;1;90;4;97.299998
11;1;1;90;4;29.299998
11;1;1;90;4;104.299998
11;1;1;90;4;146.299998
11;1;1;90;4;90.299998
11;1;1;90;4;76.299998
11;3;3;124;4;306.999998
11;3;3;93;6;224.999999
11;1;3;90;4;132.299999
11;1;3;154;4;244.499999
11;3;3;164;7;247.349999
11;3;3;90;7;312.949999
11;3;3;153;6;313.049999
11;1;1;133;4;38.899999
11;3;3;99;4;329.699999
11;3;3;176;4;309.149999
11;1;3;90;6;167.449999
11;3;3;90;7;260.799999
11;3;1;126;4;106.849999
11;3;3;116;6;205.299999
11;7;7;90;4;272.999999
11;1;3;90;6;155.499999
11;3;3;90;8;213.599999
11;3;3;140;9;150.799999
11;1;1;90;8;22.999999
11;1;3;129;4;74.699999
11;3;1;90;7;4.149999
11;1;3;90;4;104.299999
11;1;3;90;4;105.499999
11;3;1;90;9;101.449999
11;5;7;90;4;188.199999
11;6;1;90;7;238.249999
11;3;7;90;8;67.349999
11;1;3;135;4;37.849999
11;3;1;90;7;103.549999
11;5;7;180;6;401.349999
11;3;3;90;4;170.149999
11;3;3;144;4;149.149999
11;3;1;124;8;94.349999
11;3;1;151;4;94.999999
11;1;6;90;4;74.199999
11;1;6;90;4;18.299999
11;1;1;90;4;4.749999
11;1;3;173;4;54.299999
11;3;1;255;4;99.099999
11;3;1;90;7;148.249999
11;3;3;94;9;121.799999
11;3;3;123;8;121.799999
11;3;3;90;4;143.149999
11;1;3;90;9;38.399999
11;3;3;128;4;180.649999
11;3;1;156;13;111.199999
11;6;6;90;4;339.699999
11;3;1;111;7;106.299999
11;3;1;90;4;106.399999
11;1;1;128;4;27.649999
11;1;1;128;4;20.699999
11;1;1;128;4;13.899999
11;6;6;90;4;326.999999
11;3;3;170;7;128.449999
11;1;3;158;4;29.949999
11;3;3;90;4;123.349999
11;7;1;90;12;309.749999
11;1;3;111;4;31.599999
11;3;1;171;11;121.099999
11;3;1;162;4;107.649999
11;3;1;172;8;111.649999
11;1;1;106;4;19.049999
11;1;1;171;4;5.749999
11;1;1;90;6;12.949999
11;3;1;124;8;106.299999
11;1;1;90;12;11.699999
11;3;1;142;6;111.799999
11;1;5;204;6;46.949999
11;1;1;152;4;26.499999
11;3;1;90;4;112.649999
11;1;1;90;4;12.849999
11;3;1;90;8;114.099999
11;1;5;90;4;115.549999
11;1;5;90;4;116.099999
11;1;1;90;4;39.399999
11;1;1;90;4;60.599999
11;1;1;90;4;60.749999
11;7;1;188;4;333.299999
11;7;1;188;4;333.449999
11;7;1;188;4;326.499999
11;7;1;188;4;326.549999
11;3;3;100;4;139.700000
11;3;1;153;8;126.550000
11;1;1;165;6;33.900000
11;3;1;151;7;134.450000
11;1;7;90;8;31.500000
11;3;1;90;4;133.050000
11;6;6;196;8;290.200000
11;6;6;196;8;332.650000
11;1;1;110;8;33.950000
11;1;1;90;4;36.350000
11;1;1;163;9;36.350000
11;1;1;90;4;36.400000
11;1;1;163;9;36.400000
11;3;1;90;8;132.350000
11;1;6;90;13;69.000000
11;7;15;109;4;334.700000
11;7;5;116;7;349.200000
11;1;1;139;4;36.300000
11;6;5;90;4;301.150000
11;1;1;177;4;40.150000
11;3;3;90;7;140.650000
11;3;3;149;4;141.400000
11;3;3;178;8;142.500000
11;3;3;101;16;151.100000
11;1;10;115;4;58.100000
11;5;3;159;6;251.450000
11;3;1;90;4;145.550000
11;3;5;269;8;152.800000
11;3;1;111;4;146.100000
11;1;1;111;10;81.400000
11;1;10;127;16;61.500000
11;3;1;90;7;147.600000
11;1;1;111;10;47.700000
11;1;1;234;4;48.300000
11;1;1;122;4;49.150000
12;1;1;90;4;88.299998
12;1;1;90;4;53.299998
12;1;1;90;4;67.299998
12;1;1;90;4;151.299998
12;1;1;90;4;67.299998
12;1;1;90;4;25.299998
12;1;1;90;4;95.299998
12;1;1;90;4;221.299998
12;1;1;90;4;18.299998
12;1;1;90;4;18.299998
12;1;1;90;4;67.299998
12;1;1;90;4;39.299998
12;1;1;90;4;18.299998
12;1;1;90;4;123.299998
12;1;1;90;4;67.299998
12;1;1;90;4;32.299998
12;1;1;90;4;46.299998
12;1;1;90;4;25.299998
12;1;1;90;4;172.299998
12;1;1;90;4;221.299998
12;1;1;90;4;228.299998
12;1;1;90;4;88.299998
12;1;1;90;4;20.299998
12;1;1;90;4;102.299998
12;1;1;90;4;144.299998
12;1;1;90;4;81.299998
12;1;1;90;4;67.299998
12;3;3;124;4;297.999998
12;3;3;93;6;215.999998
12;1;3;90;4;123.299998
12;1;3;154;4;242.499998
12;3;3;164;7;238.349998
12;3;3;90;7;310.949998
12;3;3;153;6;311.049998
12;1;1;133;4;29.899998
12;3;3;99;4;334.699998
12;3;3;176;4;307.149998
12;1;3;90;6;158.449998
12;3;3;90;7;258.799998
12;3;1;126;4;104.849998
12;3;3;116;6;203.299998
12;7;7;90;4;270.999999
12;1;3;90;6;146.499999
12;3;3;90;8;211.599999
12;3;3;140;9;148.799999
12;1;1;90;8;13.999999
12;1;3;129;4;72.699999
12;1;3;90;4;102.299999
12;1;3;90;4;96.499999
12;3;1;90;9;92.449999
12;5;7;90;4;179.199999
12;6;1;90;7;229.249999
12;3;7;90;8;58.349999
12;1;3;135;4;49.849999
12;3;1;90;7;94.549999
12;5;7;180;6;392.349999
12;3;3;90;4;168.149999
12;3;3;144;4;147.149999
12;3;1;124;8;85.349999
12;3;1;151;4;85.999999
12;1;6;90;4;65.199999
12;1;6;90;4;9.299999
12;1;1;90;4;2.749999
12;1;3;173;4;66.299999
12;3;1;255;4;90.099999
12;3;1;90;7;146.249999
12;3;3;94;9;119.799999
12;3;3;123;8;119.799999
12;3;3;90;4;141.149999
12;1;3;90;9;43.399999
12;3;3;128;4;178.649999
12;3;1;156;13;109.199999
12;6;6;90;4;344.699999
12;3;1;111;7;104.299999
12;3;1;90;4;97.399999
12;1;1;128;4;18.649999
12;1;1;128;4;11.699999
12;1;1;128;4;11.899999
12;6;6;90;4;317.999999
12;3;3;170;7;119.449999
12;1;3;158;4;27.949999
12;3;3;90;4;121.349999
12;7;1;90;12;307.749999
12;1;3;111;4;36.599999
12;3;1;171;11;112.099999
12;3;1;162;4;98.649999
12;3;1;172;8;102.649999
12;1;1;106;4;17.049999
12;1;1;90;6;10.949999
12;3;1;124;8;104.299999
12;1;1;90;12;2.699999
12;3;1;142;6;102.799999
12;1;5;204;6;44.949999
12;1;1;152;4;24.499999
12;3;1;90;4;103.649999
12;1;1;90;4;3.849999
12;3;1;90;8;105.099999
12;1;5;90;4;113.549999
12;1;5;90;4;114.099999
12;1;1;90;4;30.399999
12;1;1;90;4;51.599999
12;1;1;90;4;51.749999
12;7;1;188;4;324.299999
12;7;1;188;4;324.449999
12;7;1;188;4;317.499999
12;7;1;188;4;317.549999
12;3;3;100;4;137.699999
12;3;1;153;8;117.549999
12;1;1;165;6;24.899999
12;3;1;151;7;125.449999
12;1;7;90;8;22.499999
12;3;1;90;4;124.050000
12;6;6;196;8;281.200000
12;6;6;196;8;337.650000
12;1;1;110;8;24.950000
12;1;1;90;4;27.350000
12;1;1;163;9;34.350000
12;1;1;90;4;27.400000
12;1;1;163;9;34.400000
12;3;1;90;8;123.350000
12;1;6;90;13;67.000000
12;7;15;109;4;325.700000
12;7;5;116;7;347.200000
12;1;1;139;4;27.300000
12;6;5;90;4;299.150000
12;1;1;177;4;31.150000
12;3;3;90;7;145.650000
12;3;3;149;4;139.400000
12;3;3;178;8;133.500000
12;3;3;101;16;149.100000
12;1;10;115;4;49.100000
12;5;3;159;6;256.450000
12;3;1;90;4;136.550000
12;3;5;269;8;143.800000
12;3;1;111;4;137.100000
12;1;1;111;10;72.400000
12;1;10;127;16;59.500000
12;3;1;90;7;138.600000
12;1;1;111;10;38.700000
12;1;1;234;4;39.300000
12;1;1;122;4;40.150000
12;1;7;150;4;48.100000
12;6;1;90;12;291.250000
12;3;1;159;4;141.400000
12;1;3;90;4;42.750000
12;1;11;90;4;43.600000
12;3;1;158;9;144.050000
12;3;7;90;4;144.350000
12;1;7;90;4;44.750000
12;1;1;101;4;45.850000
12;1;3;122;4;46.600000
12;7;3;90;4;347.150000
12;3;3;144;9;149.650000
13;1;1;90;4;79.649998
13;1;1;90;4;44.649998
13;1;1;90;4;58.649998
13;1;1;90;4;142.649998
13;1;1;90;4;58.649998
13;1;1;90;4;16.649998
13;1;1;90;4;86.649998
13;1;1;90;4;219.649998
13;1;1;90;4;9.649998
13;1;1;90;4;9.649998
13;1;1;90;4;58.649998
13;1;1;90;4;30.649998
13;1;1;90;4;9.649998
13;1;1;90;4;114.649998
13;1;1;90;4;58.649998
13;1;1;90;4;30.649998
13;1;1;90;4;37.649998
13;1;1;90;4;16.649998
13;1;1;90;4;163.649998
13;1;1;90;4;212.649998
13;1;1;90;4;226.649998
13;1;1;90;4;79.649998
13;1;1;90;4;18.649998
13;1;1;90;4;93.649998
13;1;1;90;4;135.649998
13;1;1;90;4;72.649998
13;1;1;90;4;58.649998
13;3;3;124;4;296.349998
13;3;3;93;6;214.349998
13;1;3;90;4;121.649998
13;1;3;154;4;233.849998
13;3;3;164;7;236.699998
13;3;3;90;7;302.299998
13;3;3;153;6;302.399998
13;1;1;133;4;21.249998
13;3;3;99;4;340.049998
13;3;3;176;4;312.499998
13;1;3;90;6;163.799998
13;3;3;90;7;257.149998
13;3;1;126;4;96.199998
13;3;3;116;6;201.649998
13;7;7;90;4;276.349998
13;1;3;90;6;151.849998
13;3;3;90;8;209.949998
13;3;3;140;9;147.149998
13;1;1;90;8;5.349998
13;1;3;129;4;71.049998
13;1;3;90;4;93.649998
13;1;3;90;4;94.849998
13;3;1;90;9;97.799998
13;5;7;90;4;170.549999
13;6;1;90;7;234.599999
13;3;7;90;8;49.699999
13;1;3;135;4;41.199999
13;3;1;90;7;85.899999
13;5;7;180;6;383.699999
13;3;3;90;4;173.499999
13;3;3;144;4;145.499999
13;3;1;124;8;76.699999
13;3;1;151;4;77.349999
13;1;6;90;4;56.549999
13;1;6;90;4;0.649999
13;1;3;173;4;57.649999
13;3;1;255;4;88.449999
13;3;1;90;7;137.599999
13;3;3;94;9;118.149999
13;3;3;123;8;118.149999
13;3;3;90;4;139.499999
13;1;3;90;9;48.749999
13;3;3;128;4;169.999999
13;3;1;156;13;100.549999
13;6;6;90;4;336.049999
13;3;1;111;7;95.649999
13;3;1;90;4;88.749999
13;1;1;128;4;16.999999
13;1;1;128;4;10.049999
13;1;1;128;4;3.249999
13;6;6;90;4;309.349999
13;3;3;170;7;124.799999
13;1;3;158;4;19.299999
13;3;3;90;4;119.699999
13;7;1;90;12;299.099999
13;1;3;111;4;27.949999
13;3;1;171;11;103.449999
13;3;1;162;4;96.999999
13;3;1;172;8;93.999999
13;1;1;106;4;8.399999
13;1;1;90;6;2.299999
13;3;1;124;8;95.649999
13;3;1;142;6;94.149999
13;1;5;204;6;43.299999
13;1;1;152;4;15.849999
13;3;1;90;4;94.999999
13;3;1;90;8;117.449999
13;1;5;90;4;118.899999
13;1;5;90;4;112.449999
13;1;1;90;4;28.749999
13;1;1;90;4;49.949999
13;1;1;90;4;50.099999
13;7;1;188;4;315.649999
13;7;1;188;4;315.799999
13;7;1;188;4;308.849999
13;7;1;188;4;308.899999
13;3;3;100;4;129.049999
13;3;1;153;8;108.899999
13;1;1;165;6;16.249999
13;3;1;151;7;123.799999
13;1;7;90;8;13.849999
13;3;1;90;4;129.399999
13;6;6;196;8;272.549999
13;6;6;196;8;328.999999
13;1;1;110;8;16.299999
13;1;1;90;4;18.699999
13;1;1;163;9;25.699999
13;1;1;90;4;18.749999
13;1;1;163;9;25.749999
13;3;1;90;8;114.699999
13;1;6;90;13;65.349999
13;7;15;109;4;317.050000
13;7;5;116;7;345.550000
13;1;1;139;4;25.650000
13;6;5;90;4;290.500000
13;1;1;177;4;29.500000
13;3;3;90;7;144.000000
13;3;3;149;4;130.750000
13;3;3;178;8;131.850000
13;3;3;101;16;147.450000
13;1;10;115;4;40.450000
13;5;3;159;6;247.800000
13;3;1;90;4;127.900000
13;3;5;269;8;142.150000
13;3;1;111;4;135.450000
13;1;1;111;10;63.750000
13;1;10;127;16;50.850000
13;3;1;90;7;129.950000
13;1;1;111;10;30.050000
13;1;1;234;4;37.650000
13;1;1;122;4;31.500000
13;1;7;150;4;39.450000
13;6;1;90;12;282.600000
13;3;1;159;4;139.750000
13;1;3;90;4;41.100000
13;1;11;90;4;111.950000
13;3;1;158;9;135.400000
13;3;7;90;4;135.700000
13;1;7;90;4;36.100000
13;1;1;101;4;37.200000
13;1;3;122;4;44.950000
13;7;3;90;4;345.500000
13;3;3;144;9;141.000000
13;3;1;113;4;143.200000
13;7;1;153;11;343.700000
13;1;1;122;4;44.250000
13;1;7;244;7;47.450000
13;6;1;103;15;298.000000
14;1;1;90;4;70.599998
14;1;1;90;4;35.599998
14;1;1;90;4;49.599998
14;1;1;90;4;133.599998
14;1;1;90;4;49.599998
14;1;1;90;4;7.599998
14;1;1;90;4;84.599998
14;1;1;90;4;217.599998
14;1;1;90;4;0.599998
14;1;1;90;4;0.599998
14;1;1;90;4;49.599998
14;1;1;90;4;21.599998
14;1;1;90;4;0.599998
14;1;1;90;4;112.599998
14;1;1;90;4;49.599998
14;1;1;90;4;21.599998
14;1;1;90;4;28.599998
14;1;1;90;4;7.599998
14;1;1;90;4;154.599998
14;1;1;90;4;210.599998
14;1;1;90;4;224.599998
14;1;1;90;4;77.599998
14;1;1;90;4;9.599998
14;1;1;90;4;84.599998
14;1;1;90;4;133.599998
14;1;1;90;4;63.599998
14;1;1;90;4;49.599998
14;3;3;124;4;294.299998
14;3;3;93;6;212.299998
14;1;3;90;4;119.599998
14;1;3;154;4;238.799998
14;3;3;164;7;227.649998
14;3;3;90;7;300.249998
14;3;3;153;6;307.349998
14;1;1;133;4;19.199998
14;3;3;99;4;330.999998
14;3;3;176;4;303.449998
14;1;3;90;6;161.749998
14;3;3;90;7;248.099998
14;3;1;126;4;87.149998
14;3;3;116;6;199.599998
14;7;7;90;4;267.299998
14;1;3;90;6;142.799998
14;3;3;90;8;207.899998
14;3;3;140;9;138.099998
14;1;1;90;8;3.299998
14;1;3;129;4;75.999998
14;1;3;90;4;98.599998
14;1;3;90;4;99.799998
14;3;1;90;9;88.749998
14;5;7;90;4;161.499998
14;6;1;90;7;225.549998
14;3;7;90;8;40.649998
14;1;3;135;4;39.149998
14;3;1;90;7;83.849998
14;5;7;180;6;374.649998
14;3;3;90;4;164.449998
14;3;3;144;4;136.449998
14;3;1;124;8;67.649998
14;3;1;151;4;68.299998
14;1;6;90;4;47.499999
14;1;3;173;4;55.599999
14;3;1;255;4;86.399999
14;3;1;90;7;128.549999
14;3;3;94;9;116.099999
14;3;3;123;8;116.099999
14;3;3;90;4;137.449999
14;1;3;90;9;46.699999
14;3;3;128;4;174.949999
14;3;1;156;13;91.499999
14;6;6;90;4;326.999999
14;3;1;111;7;86.599999
14;3;1;90;4;86.699999
14;1;1;128;4;7.949999
14;1;1;128;4;0.999999
14;6;6;90;4;300.299999
14;3;3;170;7;115.749999
14;1;3;158;4;24.249999
14;3;3;90;4;117.649999
14;7;1;90;12;290.049999
14;1;3;111;4;18.899999
14;3;1;171;11;94.399999
14;3;1;162;4;94.949999
14;3;1;172;8;91.949999
14;3;1;124;8;86.599999
14;3;1;142;6;92.099999
14;1;5;204;6;34.249999
14;1;1;152;4;6.799999
14;3;1;90;4;92.949999
14;3;1;90;8;108.399999
14;1;5;90;4;116.849999
14;1;5;90;4;103.399999
14;1;1;90;4;19.699999
14;1;1;90;4;40.899999
14;1;1;90;4;48.049999
14;7;1;188;4;313.599999
14;7;1;188;4;313.749999
14;7;1;188;4;299.799999
14;7;1;188;4;299.849999
14;3;3;100;4;119.999999
14;3;1;153;8;106.849999
14;1;1;165;6;7.199999
14;3;1;151;7;114.749999
14;1;7;90;8;4.799999
14;3;1;90;4;120.349999
14;6;6;196;8;263.499999
14;6;6;196;8;326.949999
14;1;1;110;8;14.249999
14;1;1;90;4;9.649999
14;1;1;163;9;23.649999
14;1;1;90;4;9.699999
14;1;1;163;9;16.699999
14;3;1;90;8;112.649999
14;1;6;90;13;70.299999
14;7;15;109;4;307.999999
14;7;5;116;7;343.499999
14;1;1;139;4;16.599999
14;6;5;90;4;281.449999
14;1;1;177;4;20.449999
14;3;3;90;7;141.949999
14;3;3;149;4;128.699999
14;3;3;178;8;136.799999
14;3;3;101;16;145.400000
14;1;10;115;4;31.400000
14;5;3;159;6;238.750000
14;3;1;90;4;125.850000
14;3;5;269;8;140.100000
14;3;1;111;4;133.400000
14;1;1;111;10;54.700000
14;1;10;127;16;41.800000
14;3;1;90;7;127.900000
14;1;1;111;10;21.000000
14;1;1;234;4;28.600000
14;1;1;122;4;29.450000
14;1;7;150;4;30.400000
14;6;1;90;12;273.550000
14;3;1;159;4;137.700000
14;1;3;90;4;39.050000
14;1;11;90;4;102.900000
14;3;1;158;9;126.350000
14;3;7;90;4;133.650000
14;1;7;90;4;34.050000
14;1;1;101;4;28.150000
14;1;3;122;4;42.900000
14;7;3;90;4;343.450000
14;3;3;144;9;131.950000
14;3;1;113;4;141.150000
14;7;1;153;11;341.650000
14;1;1;122;4;42.200000
14;1;7;244;7;52.400000
14;6;1;103;15;288.950000
14;3;3;177;4;141.350000
14;3;3;139;8;148.500000
14;5;5;169;4;243.150000
14;6;1;137;13;294.950000
14;1;1;180;9;45.600000
14;1;3;90;8;46.250000
14;3;5;101;7;154.100000
14;6;5;250;4;298.250000
15;1;1;90;4;69.849998
15;1;1;90;4;34.849998
15;1;1;90;4;48.849998
15;1;1;90;4;125.849998
15;1;1;90;4;41.849998
15;1;1;90;4;6.849998
15;1;1;90;4;83.849998
15;1;1;90;4;209.849998
15;1;1;90;4;41.849998
15;1;1;90;4;13.849998
15;1;1;90;4;104.849998
15;1;1;90;4;41.849998
15;1;1;90;4;13.849998
15;1;1;90;4;20.849998
15;1;1;90;4;6.849998
15;1;1;90;4;153.849998
15;1;1;90;4;202.849998
15;1;1;90;4;216.849998
15;1;1;90;4;69.849998
15;1;1;90;4;50.849998
15;1;1;90;4;83.849998
15;1;1;90;4;125.849998
15;1;1;90;4;62.849998
15;1;1;90;4;48.849998
15;3;3;124;4;286.549998
15;3;3;93;6;211.549998
15;1;3;90;4;118.849998
15;1;3;154;4;231.049998
15;3;3;164;7;226.899998
15;3;3;90;7;299.499998
15;3;3;153;6;299.599998
15;1;1;133;4;18.449998
15;3;3;99;4;330.249998
15;3;3;176;4;302.699998
15;1;3;90;6;153.999998
15;3;3;90;7;247.349998
15;3;1;126;4;79.399998
15;3;3;116;6;191.849998
15;7;7;90;4;259.549998
15;1;3;90;6;142.049998
15;3;3;90;8;207.149998
15;3;3;140;9;137.349998
15;1;3;129;4;68.249998
15;1;3;90;4;90.849998
15;1;3;90;4;106.049998
15;3;1;90;9;80.999998
15;5;7;90;4;153.749998
15;6;1;90;7;217.799998
15;3;7;90;8;32.899998
15;1;3;135;4;38.399998
15;3;1;90;7;76.099998
15;5;7;180;6;366.899998
15;3;3;90;4;163.699998
15;3;3;144;4;135.699998
15;3;1;124;8;66.899998
15;3;1;151;4;60.549998
15;1;6;90;4;39.749998
15;1;3;173;4;54.849998
15;3;1;255;4;78.649998
15;3;1;90;7;127.799998
15;3;3;94;9;122.349998
15;3;3;123;8;122.349998
15;3;3;90;4;136.699998
15;1;3;90;9;45.949998
15;3;3;128;4;174.199998
15;3;1;156;13;90.749998
15;6;6;90;4;319.249999
15;3;1;111;7;78.849999
15;3;1;90;4;78.949999
15;1;1;128;4;0.199999
15;6;6;90;4;292.549999
15;3;3;170;7;114.999999
15;1;3;158;4;16.499999
15;3;3;90;4;179.899999
15;7;1;90;12;289.299999
15;1;3;111;4;18.149999
15;3;1;171;11;93.649999
15;3;1;162;4;87.199999
15;3;1;172;8;91.199999
15;3;1;124;8;78.849999
15;3;1;142;6;84.349999
15;1;5;204;6;33.499999
15;3;1;90;4;92.199999
15;3;1;90;8;100.649999
15;1;5;90;4;116.099999
15;1;5;90;4;102.649999
15;1;1;90;4;11.949999
15;1;1;90;4;33.149999
15;1;1;90;4;54.299999
15;7;1;188;4;305.849999
15;7;1;188;4;305.999999
15;7;1;188;4;292.049999
15;7;1;188;4;292.099999
15;3;3;100;4;119.249999
15;3;1;153;8;99.099999
15;1;1;165;6;6.449999
15;3;1;151;7;106.999999
15;3;1;90;4;112.599999
15;6;6;196;8;255.749999
15;6;6;196;8;333.199999
15;1;1;110;8;6.499999
15;1;1;90;4;8.899999
15;1;1;163;9;15.899999
15;1;1;90;4;8.949999
15;1;1;163;9;15.949999
15;3;1;90;8;104.899999
15;1;6;90;13;62.549999
15;7;15;109;4;300.249999
15;7;5;116;7;349.749999
15;1;1;139;4;8.849999
15;6;5;90;4;273.699999
15;1;1;177;4;19.699999
15;3;3;90;7;141.199999
15;3;3;149;4;120.949999
15;3;3;178;8;129.049999
15;3;3;101;16;144.649999
15;1;10;115;4;23.649999
15;5;3;159;6;237.999999
15;3;1;90;4;118.099999
15;3;5;269;8;139.349999
15;3;1;111;4;125.649999
15;1;1;111;10;46.949999
15;1;10;127;16;34.049999
15;3;1;90;7;120.149999
15;1;1;111;10;13.249999
15;1;1;234;4;20.849999
15;1;1;122;4;21.699999
15;1;7;150;4;22.649999
15;6;1;90;12;265.799999
15;3;1;159;4;129.949999
15;1;3;90;4;31.300000
15;1;11;90;4;95.150000
15;3;1;158;9;118.600000
15;3;7;90;4;139.900000
15;1;7;90;4;47.300000
15;1;1;101;4;20.400000
15;1;3;122;4;42.150000
15;7;3;90;4;335.700000
15;3;3;144;9;131.200000
15;3;1;113;4;133.400000
15;7;1;153;11;340.900000
15;1;1;122;4;41.450000
15;1;7;244;7;58.650000
15;6;1;103;15;288.200000
15;3;3;177;4;140.600000
15;3;3;139;8;147.750000
15;5;5;169;4;242.400000
15;6;1;137;13;287.200000
15;1;1;180;9;37.850000
15;1;3;90;8;45.500000
15;3;5;101;7;153.350000
15;6;5;250;4;297.500000
15;3;5;90;4;151.250000
15;3;5;90;4;151.300000
15;6;5;90;4;302.800000
15;1;5;148;9;53.150000
15;1;1;201;4;46.500000
15;1;1;90;4;47.400000
15;7;7;90;4;347.450000
15;7;7;90;4;347.700000
15;1;1;90;8;48.200000
15;1;3;90;6;48.850000
15;1;1;163;10;49.750000
16;1;1;90;4;62.399998
16;1;1;90;4;27.399998
16;1;1;90;4;48.399998
16;1;1;90;4;125.399998
16;1;1;90;4;41.399998
16;1;1;90;4;76.399998
16;1;1;90;4;202.399998
16;1;1;90;4;34.399998
16;1;1;90;4;6.399998
16;1;1;90;4;97.399998
16;1;1;90;4;34.399998
16;1;1;90;4;6.399998
16;1;1;90;4;13.399998
16;1;1;90;4;146.399998
16;1;1;90;4;195.399998
16;1;1;90;4;209.399998
16;1;1;90;4;69.399998
16;1;1;90;4;43.399998
16;1;1;90;4;76.399998
16;1;1;90;4;118.399998
16;1;1;90;4;62.399998
16;1;1;90;4;41.399998
16;3;3;124;4;279.099998
16;3;3;93;6;204.099998
16;1;3;90;4;118.399998
16;1;3;154;4;230.599998
16;3;3;164;7;226.449998
16;3;3;90;7;306.049998
16;3;3;153;6;299.149998
16;1;1;133;4;24.999998
16;3;3;99;4;322.799998
16;3;3;176;4;302.249998
16;1;3;90;6;153.549998
16;3;3;90;7;239.899998
16;3;1;126;4;71.949998
16;3;3;116;6;191.399998
16;7;7;90;4;252.099998
16;1;3;90;6;141.599998
16;3;3;90;8;206.699998
16;3;3;140;9;136.899998
16;1;3;129;4;60.799998
16;1;3;90;4;90.399998
16;1;3;90;4;98.599998
16;3;1;90;9;73.549998
16;5;7;90;4;153.299998
16;6;1;90;7;217.349998
16;3;7;90;8;25.449998
16;1;3;135;4;30.949998
16;3;1;90;7;68.649998
16;5;7;180;6;359.449998
16;3;3;90;4;163.249998
16;3;3;144;4;128.249998
16;3;1;124;8;59.449998
16;3;1;151;4;53.099998
16;1;6;90;4;32.299998
16;1;3;173;4;47.399998
16;3;1;255;4;78.199998
16;3;1;90;7;120.349998
16;3;3;94;9;114.899998
16;3;3;123;8;114.899998
16;3;3;90;4;129.249998
16;1;3;90;9;45.499998
16;3;3;128;4;166.749998
16;3;1;156;13;83.299998
16;6;6;90;4;311.799998
16;3;1;111;7;71.399998
16;3;1;90;4;71.499998
16;6;6;90;4;285.099998
16;3;3;170;7;114.549998
16;1;3;158;4;16.049998
16;3;3;90;4;172.449998
16;7;1;90;12;281.849998
16;1;3;111;4;17.699998
16;3;1;171;11;86.199999
16;3;1;162;4;86.749999
16;3;1;172;8;97.749999
16;3;1;124;8;71.399999
16;3;1;142;6;76.899999
16;1;5;204;6;26.049999
16;3;1;90;4;84.749999
16;3;1;90;8;93.199999
16;1;5;90;4;143.649999
16;1;5;90;4;95.199999
16;1;1;90;4;4.499999
16;1;1;90;4;25.699999
16;1;1;90;4;46.849999
16;7;1;188;4;298.399999
16;7;1;188;4;298.549999
16;7;1;188;4;284.599999
16;7;1;188;4;284.649999
16;3;3;100;4;111.799999
16;3;1;153;8;91.649999
16;3;1;151;7;99.549999
16;3;1;90;4;105.149999
16;6;6;196;8;248.299999
16;6;6;196;8;325.749999
16;1;1;90;4;1.449999
16;1;1;163;9;8.449999
16;1;1;90;4;1.499999
16;1;1;163;9;8.499999
16;3;1;90;8;97.449999
16;1;6;90;13;55.099999
16;7;15;109;4;292.799999
16;7;5;116;7;342.299999
16;1;1;139;4;8.399999
16;6;5;90;4;266.249999
16;1;1;177;4;12.249999
16;3;3;90;7;133.749999
16;3;3;149;4;120.499999
16;3;3;178;8;121.599999
16;3;3;101;16;137.199999
16;1;10;115;4;16.199999
16;5;3;159;6;237.549999
16;3;1;90;4;110.649999
16;3;5;269;8;138.899999
16;3;1;111;4;118.199999
16;1;1;111;10;39.499999
16;1;10;127;16;26.599999
16;3;1;90;7;112.699999
16;1;1;111;10;5.799999
16;1;1;234;4;13.399999
16;1;1;122;4;14.249999
16;1;7;150;4;15.199999
16;6;1;90;12;258.349999
16;3;1;159;4;122.499999
16;1;3;90;4;30.849999
16;1;11;90;4;87.699999
16;3;1;158;9;111.149999
16;3;7;90;4;132.449999
16;1;7;90;4;39.849999
16;1;1;101;4;19.949999
16;1;3;122;4;41.699999
16;7;3;90;4;328.249999
16;3;3;144;9;137.750000
16;3;1;113;4;125.950000
16;7;1;153;11;333.450000
16;1;1;122;4;34.000000
16;1;7;244;7;51.200000
16;6;1;103;15;280.750000
16;3;3;177;4;140.150000
16;3;3;139;8;140.300000
16;5;5;169;4;241.950000
16;6;1;137;13;279.750000
16;1;1;180;9;30.400000
16;1;3;90;8;38.050000
16;3;5;101;7;145.900000
16;6;5;250;4;290.050000
16;3;5;90;4;143.800000
16;3;5;90;4;143.850000
16;6;5;90;4;295.350000
16;1;5;148;9;45.700000
16;1;1;201;4;39.050000
16;1;1;90;4;39.950000
16;7;7;90;4;340.000000
16;7;7;90;4;340.250000
16;1;1;90;8;40.750000
16;1;3;90;6;41.400000
16;1;1;163;10;42.300000
16;1;1;214;6;42.900000
16;5;7;113;9;242.900000
16;5;3;196;4;243.500000
16;1;8;125;4;43.700000
16;6;1;90;7;294.100000
16;5;1;99;19;245.450000
16;1;3;138;7;46.750000
16;1;5;90;8;46.800000
16;7;6;167;14;347.600000
16;3;3;90;7;155.000000
16;6;6;121;7;298.050000
16;3;3;138;7;148.850000
16;3;5;90;4;149.450000
16;10;1;90;9;499.450000
