0;1;1;90;4;104.400000
0;1;1;90;4;55.400000
0;1;1;90;4;48.400000
0;1;1;90;4;62.400000
0;1;1;90;4;48.400000
0;1;1;90;4;69.400000
0;1;1;90;4;48.400000
0;1;1;90;4;62.400000
0;1;1;90;4;76.400000
0;1;1;90;4;62.400000
0;1;1;90;4;69.400000
0;1;1;90;4;23.400000
0;1;1;90;4;55.400000
0;1;1;90;4;69.400000
0;1;1;90;4;76.400000
0;1;1;90;4;83.400000
0;1;1;90;4;62.400000
0;1;1;90;4;55.400000
0;1;1;90;4;62.400000
0;1;1;90;4;41.400000
0;1;1;90;4;62.400000
0;1;1;90;4;83.400000
0;1;1;90;4;41.400000
0;1;1;90;4;41.400000
0;1;1;90;4;55.400000
0;1;1;90;4;55.400000
0;1;1;90;4;69.400000
0;1;1;90;4;69.400000
0;1;1;90;4;83.400000
0;1;1;90;4;62.400000
0;1;1;90;4;48.400000
0;1;1;90;4;76.400000
0;1;1;90;4;76.400000
0;1;1;90;4;97.400000
0;1;1;90;4;83.400000
0;1;1;90;4;62.400000
0;1;1;90;4;83.400000
0;1;1;90;4;90.400000
0;1;1;90;4;83.400000
0;1;1;90;4;55.400000
0;1;1;90;4;90.400000
0;1;1;90;4;69.400000
0;1;1;90;4;97.400000
0;1;1;90;4;62.400000
0;1;1;90;4;76.400000
0;1;1;90;4;90.400000
0;1;1;90;4;76.400000
0;1;1;90;4;83.400000
0;1;1;90;4;69.400000
0;1;1;90;4;90.400000
0;1;1;90;4;97.400000
0;1;1;90;4;97.400000
0;1;1;90;4;90.400000
0;1;1;90;4;83.400000
0;1;1;90;4;83.400000
0;1;1;90;4;83.400000
0;1;1;90;4;90.400000
0;1;1;90;4;111.400000
0;1;1;90;4;90.400000
0;1;1;90;4;83.400000
0;1;1;90;4;97.400000
0;1;3;181;7;121.500000
0;1;3;181;7;108.400000
0;1;1;90;6;59.450000
0;3;1;116;4;146.300000
0;3;1;92;9;168.100000
0;1;1;99;4;54.800000
0;3;3;141;4;175.800000
0;1;1;90;7;47.850000
0;1;3;90;4;55.550000
0;3;1;99;4;149.400000
1;1;1;90;4;130.300000
1;1;1;90;4;46.300000
1;1;1;90;4;39.300000
1;1;1;90;4;53.300000
1;1;1;90;4;39.300000
1;1;1;90;4;53.300000
1;1;1;90;4;74.300000
1;1;1;90;4;53.300000
1;1;1;90;4;60.300000
1;1;1;90;4;74.300000
1;1;1;90;4;60.300000
1;1;1;90;4;67.300000
1;1;1;90;4;74.300000
1;1;1;90;4;53.300000
1;1;1;90;4;46.300000
1;1;1;90;4;67.300000
1;1;1;90;4;32.300000
1;1;1;90;4;53.300000
1;1;1;90;4;109.300000
1;1;1;90;4;32.300000
1;1;1;90;4;32.300000
1;1;1;90;4;74.300000
1;1;1;90;4;74.300000
1;1;1;90;4;95.300000
1;1;1;90;4;53.300000
1;1;1;90;4;95.300000
1;1;1;90;4;116.300000
1;1;1;90;4;123.300000
1;1;1;90;4;102.300000
1;1;1;90;4;53.300000
1;1;1;90;4;116.300000
1;1;1;90;4;116.300000
1;1;1;90;4;95.300000
1;1;1;90;4;46.300000
1;1;1;90;4;137.300000
1;1;1;90;4;67.300000
1;1;1;90;4;130.300000
1;1;1;90;4;67.300000
1;1;1;90;4;109.300000
1;1;1;90;4;103.300000
1;1;1;90;4;60.300000
1;1;1;90;4;130.300000
1;1;1;90;4;116.300000
1;1;1;90;4;123.300000
1;1;1;90;4;102.300000
1;1;1;90;4;88.300000
1;1;1;90;4;123.300000
1;1;1;90;4;95.300000
1;1;1;90;4;151.300000
1;1;1;90;4;137.300000
1;1;1;90;4;130.300000
1;1;1;90;4;137.300000
1;1;1;90;4;116.300000
1;1;3;181;7;161.400000
1;1;3;181;7;155.300000
1;1;1;90;6;57.350000
1;3;1;116;4;158.200000
1;3;1;92;9;180.000000
1;1;1;99;4;80.700000
1;3;3;141;4;397.700000
1;1;1;90;7;52.750000
1;1;3;90;4;88.450000
1;3;1;99;4;161.300000
1;3;3;90;4;170.550000
1;1;3;90;4;113.300000
1;1;3;90;8;64.750000
1;3;3;166;6;199.900000
1;1;1;90;4;44.600000
1;1;1;250;4;72.750000
1;1;3;166;4;93.850000
1;1;1;90;4;52.350000
1;3;1;158;8;152.500000
1;3;1;90;8;152.650000
1;3;3;90;4;180.700000
1;1;3;90;9;75.650000
1;1;1;90;9;49.000000
1;3;3;106;4;149.350000
2;1;1;90;4;135.200000
2;1;1;90;4;37.200000
2;1;1;90;4;30.200000
2;1;1;90;4;44.200000
2;1;1;90;4;30.200000
2;1;1;90;4;44.200000
2;1;1;90;4;65.200000
2;1;1;90;4;19.200000
2;1;1;90;4;51.200000
2;1;1;90;4;51.200000
2;1;1;90;4;58.200000
2;1;1;90;4;72.200000
2;1;1;90;4;44.200000
2;1;1;90;4;51.200000
2;1;1;90;4;65.200000
2;1;1;90;4;44.200000
2;1;1;90;4;100.200000
2;1;1;90;4;3.200000
2;1;1;90;4;65.200000
2;1;1;90;4;93.200000
2;1;1;90;4;53.200000
2;1;1;90;4;100.200000
2;1;1;90;4;142.200000
2;1;1;90;4;93.200000
2;1;1;90;4;65.200000
2;1;1;90;4;121.200000
2;1;1;90;4;121.200000
2;1;1;90;4;114.200000
2;1;1;90;4;135.200000
2;1;1;90;4;30.200000
2;1;1;90;4;156.200000
2;1;1;90;4;65.200000
2;1;1;90;4;107.200000
2;1;1;90;4;58.200000
2;1;1;90;4;128.200000
2;1;1;90;4;128.200000
2;1;1;90;4;128.200000
2;1;1;90;4;107.200000
2;1;1;90;4;79.200000
2;1;1;90;4;121.200000
2;1;1;90;4;177.200000
2;1;1;90;4;177.200000
2;1;1;90;4;149.200000
2;1;1;90;4;107.200000
2;1;3;181;7;173.300000
2;1;3;181;7;195.200000
2;1;1;90;6;62.250000
2;3;1;116;4;163.100000
2;3;1;92;9;177.900000
2;1;1;99;4;85.600000
2;3;3;141;4;507.600000
2;1;1;90;7;57.650000
2;1;3;90;4;156.350000
2;3;3;90;4;96.450000
2;1;3;90;4;146.200000
2;1;3;90;8;76.650000
2;3;3;166;6;337.800000
2;1;1;250;4;70.650000
2;1;3;166;4;189.750000
2;1;1;90;4;57.250000
2;3;1;158;8;157.400000
2;3;1;90;8;171.550000
2;3;3;90;4;178.600000
2;1;3;90;9;80.550000
2;1;1;90;9;60.900000
2;3;3;106;4;322.250000
2;1;3;90;7;160.000000
2;3;3;132;4;177.100000
2;1;3;133;4;147.500000
2;3;1;90;8;177.700000
2;1;1;169;4;49.950000
2;1;3;163;4;50.200000
2;1;1;90;4;44.250000
2;3;1;116;4;152.850000
2;3;3;94;4;251.900000
2;3;3;90;4;182.650000
2;3;7;115;10;169.850000
2;3;1;90;4;149.000000
3;1;1;90;4;133.099999
3;1;1;90;4;28.099999
3;1;1;90;4;21.099999
3;1;1;90;4;35.099999
3;1;1;90;4;21.099999
3;1;1;90;4;35.099999
3;1;1;90;4;56.099999
3;1;1;90;4;10.099999
3;1;1;90;4;42.099999
3;1;1;90;4;42.099999
3;1;1;90;4;56.099999
3;1;1;90;4;119.099999
3;1;1;90;4;35.099999
3;1;1;90;4;42.099999
3;1;1;90;4;56.099999
3;1;1;90;4;42.099999
3;1;1;90;4;91.099999
3;1;1;90;4;56.099999
3;1;1;90;4;84.099999
3;1;1;90;4;91.099999
3;1;1;90;4;52.099999
3;1;1;90;4;91.099999
3;1;1;90;4;56.099999
3;1;1;90;4;119.099999
3;1;1;90;4;119.099999
3;1;1;90;4;105.099999
3;1;1;90;4;126.099999
3;1;1;90;4;182.099999
3;1;1;90;4;63.099999
3;1;1;90;4;105.099999
3;1;1;90;4;56.099999
3;1;1;90;4;126.099999
3;1;1;90;4;119.099999
3;1;1;90;4;29.099999
3;1;1;90;4;112.099999
3;1;1;90;4;70.099999
3;1;1;90;4;168.099999
3;1;1;90;4;182.099999
3;1;1;90;4;175.099999
3;1;1;90;4;189.099999
3;1;1;90;4;98.099999
3;1;3;181;7;185.200000
3;1;3;181;7;193.100000
3;1;1;90;6;53.150000
3;3;1;116;4;168.000000
3;3;1;92;9;175.800000
3;1;1;99;4;76.500000
3;3;3;141;4;568.500000
3;1;1;90;7;62.550000
3;1;3;90;4;203.250000
3;3;3;90;4;52.350000
3;1;3;90;4;207.100000
3;1;3;90;8;81.550000
3;3;3;166;6;342.700000
3;1;1;250;4;75.550000
3;1;3;166;4;264.650000
3;1;1;90;4;55.150000
3;3;1;158;8;155.300000
3;3;1;90;8;169.450000
3;3;3;90;4;239.500000
3;1;3;90;9;120.450000
3;1;1;90;9;58.800000
3;3;3;106;4;397.150000
3;1;3;90;7;164.900000
3;3;3;132;4;189.000000
3;1;3;133;4;152.400000
3;3;1;90;8;175.600000
3;1;1;169;4;54.850000
3;1;3;163;4;62.100000
3;1;1;90;4;42.150000
3;3;1;116;4;143.750000
3;3;3;94;4;249.800000
3;3;3;90;4;187.550000
3;3;7;115;10;195.750000
3;3;1;90;4;174.900000
3;1;3;137;7;83.100000
3;1;6;113;9;83.350000
3;1;1;143;4;55.400000
3;1;3;90;4;69.450000
3;1;3;137;7;83.550000
3;1;1;123;4;48.650000
3;1;3;137;7;83.900000
3;1;5;90;13;98.450000
3;1;1;90;8;56.500000
3;3;1;90;6;156.600000
3;3;10;154;4;233.900000
3;1;3;137;7;57.500000
3;1;1;93;4;71.850000
3;3;1;136;4;151.650000
3;6;1;90;4;301.800000
3;3;3;128;7;159.100000
3;3;6;90;4;173.850000
3;3;3;173;4;155.050000
3;1;1;90;7;48.150000
3;3;7;351;10;183.550000
3;3;7;90;6;156.350000
3;1;1;161;4;49.350000
3;3;1;121;4;149.750000
3;3;3;171;8;149.850000
4;1;1;90;4;131.049999
4;1;1;90;4;19.049999
4;1;1;90;4;12.049999
4;1;1;90;4;26.049999
4;1;1;90;4;12.049999
4;1;1;90;4;26.049999
4;1;1;90;4;47.049999
4;1;1;90;4;40.049999
4;1;1;90;4;33.049999
4;1;1;90;4;47.049999
4;1;1;90;4;110.049999
4;1;1;90;4;26.049999
4;1;1;90;4;40.049999
4;1;1;90;4;54.049999
4;1;1;90;4;33.049999
4;1;1;90;4;89.049999
4;1;1;90;4;54.049999
4;1;1;90;4;75.049999
4;1;1;90;4;89.049999
4;1;1;90;4;43.049999
4;1;1;90;4;82.049999
4;1;1;90;4;47.049999
4;1;1;90;4;110.049999
4;1;1;90;4;110.049999
4;1;1;90;4;103.049999
4;1;1;90;4;117.049999
4;1;1;90;4;180.049999
4;1;1;90;4;54.049999
4;1;1;90;4;96.049999
4;1;1;90;4;47.049999
4;1;1;90;4;124.049999
4;1;1;90;4;117.049999
4;1;1;90;4;103.049999
4;1;1;90;4;61.049999
4;1;1;90;4;166.049999
4;1;1;90;4;173.049999
4;1;1;90;4;173.049999
4;1;1;90;4;187.049999
4;1;1;90;4;89.049999
4;1;3;181;7;183.149999
4;1;3;181;7;191.049999
4;1;1;90;6;51.099999
4;3;1;116;4;165.949999
4;3;1;92;9;173.749999
4;1;1;99;4;74.449999
4;3;3;141;4;566.449999
4;1;1;90;7;60.499999
4;1;3;90;4;208.199999
4;3;3;90;4;50.299999
4;1;3;90;4;205.049999
4;1;3;90;8;86.500000
4;3;3;166;6;375.650000
4;1;1;250;4;66.500000
4;1;3;166;4;262.600000
4;1;1;90;4;53.100000
4;3;1;158;8;153.250000
4;3;1;90;8;160.400000
4;3;3;90;4;237.450000
4;1;3;90;9;118.400000
4;1;1;90;9;49.750000
4;3;3;106;4;402.100000
4;1;3;90;7;162.850000
4;3;3;132;4;186.950000
4;1;3;133;4;143.350000
4;3;1;90;8;173.550000
4;1;1;169;4;45.800000
4;1;3;163;4;60.050000
4;1;1;90;4;33.100000
4;3;1;116;4;141.700000
4;3;3;94;4;254.750000
4;3;3;90;4;206.500000
4;3;7;115;10;200.700000
4;3;1;90;4;172.850000
4;1;3;137;7;88.050000
4;1;6;113;9;74.300000
4;1;1;143;4;53.350000
4;1;3;90;4;67.400000
4;1;3;137;7;81.500000
4;1;1;123;4;46.600000
4;1;3;137;7;88.850000
4;1;5;90;13;96.400000
4;1;1;90;8;54.450000
4;3;1;90;6;154.550000
4;3;10;154;4;224.850000
4;1;3;137;7;62.450000
4;1;1;93;4;62.800000
4;3;1;136;4;142.600000
4;6;1;90;4;299.750000
4;3;3;128;7;164.050000
4;3;6;90;4;192.800000
4;3;3;173;4;153.000000
4;1;1;90;7;46.100000
4;3;7;351;10;195.500000
4;3;7;90;6;161.300000
4;1;1;161;4;40.300000
4;3;1;121;4;147.700000
4;3;3;171;8;140.800000
4;3;1;111;4;141.550000
4;1;3;90;6;41.750000
4;3;3;117;6;142.700000
4;3;3;97;6;142.900000
4;3;1;165;4;146.150000
4;3;3;90;6;146.350000
4;1;5;103;19;47.000000
4;3;3;174;7;148.650000
4;3;3;160;9;148.700000
4;1;1;96;9;49.600000
5;1;1;90;4;122.699999
5;1;1;90;4;10.699999
5;1;1;90;4;3.699999
5;1;1;90;4;17.699999
5;1;1;90;4;3.699999
5;1;1;90;4;17.699999
5;1;1;90;4;38.699999
5;1;1;90;4;31.699999
5;1;1;90;4;31.699999
5;1;1;90;4;38.699999
5;1;1;90;4;108.699999
5;1;1;90;4;24.699999
5;1;1;90;4;31.699999
5;1;1;90;4;45.699999
5;1;1;90;4;24.699999
5;1;1;90;4;80.699999
5;1;1;90;4;45.699999
5;1;1;90;4;73.699999
5;1;1;90;4;94.699999
5;1;1;90;4;34.699999
5;1;1;90;4;80.699999
5;1;1;90;4;38.699999
5;1;1;90;4;108.699999
5;1;1;90;4;101.699999
5;1;1;90;4;94.699999
5;1;1;90;4;115.699999
5;1;1;90;4;171.699999
5;1;1;90;4;59.699999
5;1;1;90;4;94.699999
5;1;1;90;4;38.699999
5;1;1;90;4;115.699999
5;1;1;90;4;108.699999
5;1;1;90;4;94.699999
5;1;1;90;4;52.699999
5;1;1;90;4;164.699999
5;1;1;90;4;164.699999
5;1;1;90;4;164.699999
5;1;1;90;4;185.699999
5;1;1;90;4;80.699999
5;1;3;181;7;174.799999
5;1;3;181;7;189.699999
5;1;1;90;6;42.749999
5;3;1;116;4;157.599999
5;3;1;92;9;165.399999
5;1;1;99;4;66.099999
5;3;3;141;4;565.099999
5;1;1;90;7;59.149999
5;1;3;90;4;206.849999
5;3;3;90;4;48.949999
5;1;3;90;4;203.699999
5;1;3;90;8;78.149999
5;3;3;166;6;367.299999
5;1;1;250;4;65.149999
5;1;3;166;4;268.249999
5;1;1;90;4;51.749999
5;3;1;158;8;144.899999
5;3;1;90;8;159.049999
5;3;3;90;4;236.099999
5;1;3;90;9;117.049999
5;1;1;90;9;48.399999
5;3;3;106;4;393.749999
5;1;3;90;7;161.499999
5;3;3;132;4;185.599999
5;1;3;133;4;155.999999
5;3;1;90;8;165.199999
5;1;1;169;4;37.450000
5;1;3;163;4;65.700000
5;3;1;116;4;133.350000
5;3;3;94;4;253.400000
5;3;3;90;4;205.150000
5;3;7;115;10;192.350000
5;3;1;90;4;171.500000
5;1;3;137;7;86.700000
5;1;6;113;9;65.950000
5;1;1;143;4;45.000000
5;1;3;90;4;66.050000
5;1;3;137;7;73.150000
5;1;1;123;4;38.250000
5;1;3;137;7;87.500000
5;1;5;90;13;95.050000
5;1;1;90;8;46.100000
5;3;1;90;6;146.200000
5;3;10;154;4;216.500000
5;1;3;137;7;61.100000
5;1;1;93;4;61.450000
5;3;1;136;4;141.250000
5;6;1;90;4;291.400000
5;3;3;128;7;162.700000
5;3;6;90;4;191.450000
5;3;3;173;4;151.650000
5;1;1;90;7;37.750000
5;3;7;351;10;194.150000
5;3;7;90;6;152.950000
5;1;1;161;4;31.950000
5;3;1;121;4;139.350000
5;3;3;171;8;146.450000
5;3;1;111;4;133.200000
5;1;3;90;6;40.400000
5;3;3;117;6;141.350000
5;3;3;97;6;141.550000
5;3;1;165;4;137.800000
5;3;3;90;6;152.000000
5;1;5;103;19;45.650000
5;3;3;174;7;140.300000
5;3;3;160;9;140.350000
5;1;1;96;9;41.250000
5;1;6;211;4;69.900000
5;1;1;175;6;63.000000
5;3;1;239;4;143.800000
5;1;3;117;4;44.350000
5;3;1;90;4;145.850000
5;1;1;90;4;47.650000
6;1;1;90;4;113.649999
6;1;1;90;4;1.649999
6;1;1;90;4;8.649999
6;1;1;90;4;8.649999
6;1;1;90;4;29.649999
6;1;1;90;4;22.649999
6;1;1;90;4;22.649999
6;1;1;90;4;29.649999
6;1;1;90;4;106.649999
6;1;1;90;4;22.649999
6;1;1;90;4;22.649999
6;1;1;90;4;36.649999
6;1;1;90;4;15.649999
6;1;1;90;4;71.649999
6;1;1;90;4;36.649999
6;1;1;90;4;71.649999
6;1;1;90;4;92.649999
6;1;1;90;4;32.649999
6;1;1;90;4;78.649999
6;1;1;90;4;29.649999
6;1;1;90;4;106.649999
6;1;1;90;4;99.649999
6;1;1;90;4;92.649999
6;1;1;90;4;106.649999
6;1;1;90;4;162.649999
6;1;1;90;4;50.649999
6;1;1;90;4;85.649999
6;1;1;90;4;36.649999
6;1;1;90;4;106.649999
6;1;1;90;4;99.649999
6;1;1;90;4;85.649999
6;1;1;90;4;50.649999
6;1;1;90;4;162.649999
6;1;1;90;4;155.649999
6;1;1;90;4;155.649999
6;1;1;90;4;176.649999
6;1;1;90;4;71.649999
6;1;3;181;7;172.749999
6;1;3;181;7;201.649999
6;1;1;90;6;33.699999
6;3;1;116;4;148.549999
6;3;1;92;9;156.349999
6;1;1;99;4;64.049999
6;3;3;141;4;570.049999
6;1;1;90;7;50.099999
6;1;3;90;4;204.799999
6;3;3;90;4;46.899999
6;1;3;90;4;208.649999
6;1;3;90;8;76.099999
6;3;3;166;6;372.249999
6;1;1;250;4;56.099999
6;1;3;166;4;315.199999
6;1;1;90;4;42.699999
6;3;1;158;8;142.849999
6;3;1;90;8;149.999999
6;3;3;90;4;241.049999
6;1;3;90;9;114.999999
6;1;1;90;9;39.349999
6;3;3;106;4;391.699999
6;1;3;90;7;159.449999
6;3;3;132;4;183.549999
6;1;3;133;4;146.949999
6;3;1;90;8;156.149999
6;1;1;169;4;35.399999
6;1;3;163;4;56.649999
6;3;1;116;4;124.299999
6;3;3;94;4;244.349999
6;3;3;90;4;217.099999
6;3;7;115;10;183.299999
6;3;1;90;4;162.449999
6;1;3;137;7;77.649999
6;1;6;113;9;56.899999
6;1;1;143;4;35.949999
6;1;3;90;4;63.999999
6;1;3;137;7;71.099999
6;1;1;123;4;29.199999
6;1;3;137;7;78.449999
6;1;5;90;13;99.999999
6;1;1;90;8;44.049999
6;3;1;90;6;144.149999
6;3;10;154;4;207.450000
6;1;3;137;7;52.050000
6;1;1;93;4;52.400000
6;3;1;136;4;132.200000
6;6;1;90;4;282.350000
6;3;3;128;7;160.650000
6;3;6;90;4;224.400000
6;3;3;173;4;149.600000
6;1;1;90;7;28.700000
6;3;7;351;10;206.100000
6;3;7;90;6;143.900000
6;1;1;161;4;22.900000
6;3;1;121;4;130.300000
6;3;3;171;8;151.400000
6;3;1;111;4;124.150000
6;1;3;90;6;45.350000
6;3;3;117;6;160.300000
6;3;3;97;6;139.500000
6;3;1;165;4;128.750000
6;3;3;90;6;142.950000
6;1;5;103;19;71.600000
6;3;3;174;7;138.250000
6;3;3;160;9;138.300000
6;1;1;96;9;32.200000
6;1;6;211;4;102.850000
6;1;1;175;6;60.950000
6;3;1;239;4;134.750000
6;1;3;117;4;49.300000
6;3;1;90;4;136.800000
6;1;1;90;4;38.600000
6;1;3;90;9;48.150000
6;1;1;143;4;41.450000
6;5;1;191;13;242.700000
6;3;3;131;6;157.200000
6;1;7;90;4;57.450000
6;3;3;90;4;147.000000
6;1;3;158;8;47.800000
6;1;3;90;6;48.150000
7;1;1;90;4;111.599999
7;1;1;90;4;20.599999
7;1;1;90;4;13.599999
7;1;1;90;4;13.599999
7;1;1;90;4;27.599999
7;1;1;90;4;97.599999
7;1;1;90;4;13.599999
7;1;1;90;4;20.599999
7;1;1;90;4;27.599999
7;1;1;90;4;6.599999
7;1;1;90;4;62.599999
7;1;1;90;4;27.599999
7;1;1;90;4;62.599999
7;1;1;90;4;83.599999
7;1;1;90;4;58.599999
7;1;1;90;4;69.599999
7;1;1;90;4;20.599999
7;1;1;90;4;104.599999
7;1;1;90;4;97.599999
7;1;1;90;4;83.599999
7;1;1;90;4;125.599999
7;1;1;90;4;167.599999
7;1;1;90;4;41.599999
7;1;1;90;4;83.599999
7;1;1;90;4;34.599999
7;1;1;90;4;104.599999
7;1;1;90;4;97.599999
7;1;1;90;4;76.599999
7;1;1;90;4;41.599999
7;1;1;90;4;160.599999
7;1;1;90;4;146.599999
7;1;1;90;4;153.599999
7;1;1;90;4;174.599999
7;1;1;90;4;62.599999
7;1;3;181;7;177.699999
7;1;3;181;7;192.599999
7;1;1;90;6;31.649999
7;3;1;116;4;139.499999
7;3;1;92;9;147.299999
7;1;1;99;4;54.999999
7;3;3;141;4;567.999999
7;1;1;90;7;48.049999
7;1;3;90;4;202.749999
7;3;3;90;4;37.849999
7;1;3;90;4;199.599999
7;1;3;90;8;81.049999
7;3;3;166;6;370.199999
7;1;1;250;4;54.049999
7;1;3;166;4;306.149999
7;1;1;90;4;33.649999
7;3;1;158;8;133.799999
7;3;1;90;8;140.949999
7;3;3;90;4;238.999999
7;1;3;90;9;105.949999
7;1;1;90;9;37.299999
7;3;3;106;4;396.649999
7;1;3;90;7;150.399999
7;3;3;132;4;174.499999
7;1;3;133;4;151.899999
7;3;1;90;8;147.099999
7;1;1;169;4;26.349999
7;1;3;163;4;54.599999
7;3;1;116;4;129.249999
7;3;3;94;4;242.299999
7;3;3;90;4;215.049999
7;3;7;115;10;174.249999
7;3;1;90;4;160.399999
7;1;3;137;7;82.599999
7;1;6;113;9;47.849999
7;1;1;143;4;33.899999
7;1;3;90;4;54.949999
7;1;3;137;7;69.049999
7;1;1;123;4;20.149999
7;1;3;137;7;76.399999
7;1;5;90;13;97.949999
7;1;1;90;8;34.999999
7;3;1;90;6;142.099999
7;3;10;154;4;198.399999
7;1;3;137;7;49.999999
7;1;1;93;4;43.349999
7;3;1;136;4;123.149999
7;6;1;90;4;273.299999
7;3;3;128;7;158.599999
7;3;6;90;4;229.349999
7;3;3;173;4;140.549999
7;1;1;90;7;19.649999
7;3;7;351;10;197.049999
7;3;7;90;6;134.849999
7;1;1;161;4;20.849999
7;3;1;121;4;128.249999
7;3;3;171;8;142.349999
7;3;1;111;4;122.099999
7;1;3;90;6;50.299999
7;3;3;117;6;165.249999
7;3;3;97;6;144.450000
7;3;1;165;4;119.700000
7;3;3;90;6;140.900000
7;1;5;103;19;69.550000
7;3;3;174;7;136.200000
7;3;3;160;9;136.250000
7;1;1;96;9;30.150000
7;1;6;211;4;100.800000
7;1;1;175;6;51.900000
7;3;1;239;4;125.700000
7;1;3;117;4;54.250000
7;3;1;90;4;134.750000
7;1;1;90;4;29.550000
7;1;3;90;9;46.100000
7;1;1;143;4;32.400000
7;5;1;191;13;233.650000
7;3;3;131;6;148.150000
7;1;7;90;4;48.400000
7;3;3;90;4;144.950000
7;1;3;158;8;38.750000
7;1;3;90;6;46.100000
7;3;3;98;4;149.150000
7;1;3;90;4;49.150000
7;1;3;98;4;49.400000
7;1;1;164;6;43.150000
7;1;3;90;4;46.200000
7;3;3;120;8;147.300000
8;1;1;90;4;102.549999
8;1;1;90;4;11.549999
8;1;1;90;4;4.549999
8;1;1;90;4;4.549999
8;1;1;90;4;18.549999
8;1;1;90;4;88.549999
8;1;1;90;4;4.549999
8;1;1;90;4;11.549999
8;1;1;90;4;18.549999
8;1;1;90;4;53.549999
8;1;1;90;4;18.549999
8;1;1;90;4;53.549999
8;1;1;90;4;81.549999
8;1;1;90;4;49.549999
8;1;1;90;4;60.549999
8;1;1;90;4;11.549999
8;1;1;90;4;95.549999
8;1;1;90;4;88.549999
8;1;1;90;4;81.549999
8;1;1;90;4;123.549999
8;1;1;90;4;158.549999
8;1;1;90;4;39.549999
8;1;1;90;4;74.549999
8;1;1;90;4;25.549999
8;1;1;90;4;95.549999
8;1;1;90;4;88.549999
8;1;1;90;4;67.549999
8;1;1;90;4;32.549999
8;1;1;90;4;151.549999
8;1;1;90;4;137.549999
8;1;1;90;4;144.549999
8;1;1;90;4;172.549999
8;1;1;90;4;53.549999
8;1;3;181;7;168.649999
8;1;3;181;7;190.549999
8;1;1;90;6;22.599999
8;3;1;116;4;130.449999
8;3;1;92;9;138.249999
8;1;1;99;4;52.949999
8;3;3;141;4;572.949999
8;1;1;90;7;38.999999
8;1;3;90;4;207.699999
8;3;3;90;4;42.799999
8;1;3;90;4;204.549999
8;1;3;90;8;92.999999
8;3;3;166;6;375.149999
8;1;1;250;4;44.999999
8;1;3;166;4;297.099999
8;1;1;90;4;24.599999
8;3;1;158;8;124.749999
8;3;1;90;8;131.899999
8;3;3;90;4;236.949999
8;1;3;90;9;103.899999
8;1;1;90;9;28.249999
8;3;3;106;4;401.599999
8;1;3;90;7;155.349999
8;3;3;132;4;172.449999
8;1;3;133;4;142.849999
8;3;1;90;8;138.049999
8;1;1;169;4;24.299999
8;1;3;163;4;52.549999
8;3;1;116;4;120.199999
8;3;3;94;4;247.249999
8;3;3;90;4;219.999999
8;3;7;115;10;165.199999
8;3;1;90;4;158.349999
8;1;3;137;7;80.549999
8;1;6;113;9;38.799999
8;1;1;143;4;24.849999
8;1;3;90;4;52.899999
8;1;3;137;7;66.999999
8;1;1;123;4;18.099999
8;1;3;137;7;81.349999
8;1;5;90;13;158.899999
8;1;1;90;8;32.949999
8;3;1;90;6;133.049999
8;3;10;154;4;189.349999
8;1;3;137;7;40.949999
8;1;1;93;4;41.299999
8;3;1;136;4;114.099999
8;6;1;90;4;271.249999
8;3;3;128;7;163.549999
8;3;6;90;4;234.299999
8;3;3;173;4;138.499999
8;1;1;90;7;10.599999
8;3;7;351;10;187.999999
8;3;7;90;6;125.799999
8;1;1;161;4;25.799999
8;3;1;121;4;119.199999
8;3;3;171;8;140.299999
8;3;1;111;4;113.049999
8;1;3;90;6;55.249999
8;3;3;117;6;184.199999
8;3;3;97;6;135.399999
8;3;1;165;4;110.649999
8;3;3;90;6;138.849999
8;1;5;103;19;74.499999
8;3;3;174;7;134.149999
8;3;3;160;9;134.199999
8;1;1;96;9;21.099999
8;1;6;211;4;98.749999
8;1;1;175;6;49.849999
8;3;1;239;4;116.650000
8;1;3;117;4;52.200000
8;3;1;90;4;125.700000
8;1;1;90;4;20.500000
8;1;3;90;9;51.050000
8;1;1;143;4;30.350000
8;5;1;191;13;224.600000
8;3;3;131;6;146.100000
8;1;7;90;4;39.350000
8;3;3;90;4;149.900000
8;1;3;158;8;43.700000
8;1;3;90;6;44.050000
8;3;3;98;4;140.100000
8;1;3;90;4;40.100000
8;1;3;98;4;47.350000
8;1;1;164;6;41.100000
8;1;3;90;4;37.150000
8;3;3;120;8;138.250000
8;3;3;114;6;148.300000
8;3;1;174;4;142.550000
8;3;3;153;8;157.200000
8;1;1;90;4;50.300000
8;3;7;90;13;150.850000
8;3;1;96;4;144.100000
8;3;1;90;8;144.550000
8;3;1;90;9;144.800000
8;1;3;103;4;44.850000
8;3;1;160;16;145.100000
8;3;3;150;4;146.400000
8;1;3;150;4;47.150000
8;1;1;407;4;47.550000
8;1;3;115;8;47.700000
8;3;3;90;4;148.200000
8;3;3;115;8;149.200000
8;3;3;99;6;149.650000
9;1;1;90;4;100.949999
9;1;1;90;4;2.949999
9;1;1;90;4;9.949999
9;1;1;90;4;79.949999
9;1;1;90;4;2.949999
9;1;1;90;4;9.949999
9;1;1;90;4;44.949999
9;1;1;90;4;16.949999
9;1;1;90;4;44.949999
9;1;1;90;4;72.949999
9;1;1;90;4;40.949999
9;1;1;90;4;58.949999
9;1;1;90;4;2.949999
9;1;1;90;4;93.949999
9;1;1;90;4;86.949999
9;1;1;90;4;72.949999
9;1;1;90;4;121.949999
9;1;1;90;4;149.949999
9;1;1;90;4;30.949999
9;1;1;90;4;65.949999
9;1;1;90;4;16.949999
9;1;1;90;4;86.949999
9;1;1;90;4;79.949999
9;1;1;90;4;58.949999
9;1;1;90;4;23.949999
9;1;1;90;4;149.949999
9;1;1;90;4;128.949999
9;1;1;90;4;135.949999
9;1;1;90;4;163.949999
9;1;1;90;4;44.949999
9;1;3;181;7;167.049999
9;1;3;181;7;195.949999
9;1;1;90;6;13.999999
9;3;1;116;4;128.849999
9;3;1;92;9;136.649999
9;1;1;99;4;58.349999
9;3;3;141;4;564.349999
9;1;1;90;7;37.399999
9;1;3;90;4;213.099999
9;3;3;90;4;34.199999
9;1;3;90;4;202.949999
9;1;3;90;8;84.399999
9;3;3;166;6;373.549999
9;1;1;250;4;36.399999
9;1;3;166;4;288.499999
9;1;1;90;4;15.999999
9;3;1;158;8;123.149999
9;3;1;90;8;123.299999
9;3;3;90;4;235.349999
9;1;3;90;9;109.299999
9;1;1;90;9;26.649999
9;3;3;106;4;399.999999
9;1;3;90;7;153.749999
9;3;3;132;4;170.849999
9;1;3;133;4;141.249999
9;3;1;90;8;129.449999
9;1;1;169;4;15.699999
9;1;3;163;4;57.949999
9;3;1;116;4;111.599999
9;3;3;94;4;245.649999
9;3;3;90;4;211.399999
9;3;7;115;10;156.599999
9;3;1;90;4;149.749999
9;1;3;137;7;85.949999
9;1;6;113;9;30.199999
9;1;1;143;4;23.249999
9;1;3;90;4;44.299999
9;1;3;137;7;65.399999
9;1;1;123;4;16.499999
9;1;3;137;7;79.749999
9;1;5;90;13;171.299999
9;1;1;90;8;31.349999
9;3;1;90;6;124.449999
9;3;10;154;4;180.749999
9;1;3;137;7;46.349999
9;1;1;93;4;32.699999
9;3;1;136;4;112.499999
9;6;1;90;4;262.649999
9;3;3;128;7;161.949999
9;3;6;90;4;225.699999
9;3;3;173;4;136.899999
9;1;1;90;7;1.999999
9;3;7;351;10;179.399999
9;3;7;90;6;117.199999
9;1;1;161;4;17.199999
9;3;1;121;4;110.599999
9;3;3;171;8;145.699999
9;3;1;111;4;111.449999
9;1;3;90;6;53.649999
9;3;3;117;6;189.599999
9;3;3;97;6;133.799999
9;3;1;165;4;109.049999
9;3;3;90;6;137.249999
9;1;5;103;19;72.899999
9;3;3;174;7;132.549999
9;3;3;160;9;132.599999
9;1;1;96;9;12.499999
9;1;6;211;4;104.149999
9;1;1;175;6;41.249999
9;3;1;239;4;108.049999
9;1;3;117;4;50.599999
9;3;1;90;4;117.099999
9;1;1;90;4;18.899999
9;1;3;90;9;42.449999
9;1;1;143;4;28.749999
9;5;1;191;13;222.999999
9;3;3;131;6;151.500000
9;1;7;90;4;30.750000
9;3;3;90;4;141.300000
9;1;3;158;8;42.100000
9;1;3;90;6;42.450000
9;3;3;98;4;138.500000
9;1;3;90;4;38.500000
9;1;3;98;4;52.750000
9;1;1;164;6;32.500000
9;1;3;90;4;49.550000
9;3;3;120;8;136.650000
9;3;3;114;6;146.700000
9;3;1;174;4;133.950000
9;3;3;153;8;155.600000
9;1;1;90;4;41.700000
9;3;7;90;13;149.250000
9;3;1;96;4;135.500000
9;3;1;90;8;135.950000
9;3;1;90;9;143.200000
9;1;3;103;4;50.250000
9;3;1;160;16;136.500000
9;3;3;150;4;144.800000
9;1;3;150;4;52.550000
9;1;1;407;4;38.950000
9;1;3;115;8;39.100000
9;3;3;90;4;139.600000
9;3;3;115;8;140.600000
9;3;3;99;6;148.050000
9;3;1;195;4;141.900000
9;1;6;272;9;49.500000
9;1;3;90;4;50.000000
9;1;7;174;8;44.250000
9;3;7;174;8;145.000000
9;3;1;90;8;145.150000
9;3;1;193;9;145.400000
9;3;5;261;12;153.000000
9;1;1;90;4;46.300000
9;3;1;90;4;146.350000
9;1;3;161;8;47.800000
9;3;1;90;7;149.300000
9;3;3;159;4;149.350000
10;1;1;90;4;99.199999
10;1;1;90;4;1.199999
10;1;1;90;4;71.199999
10;1;1;90;4;1.199999
10;1;1;90;4;36.199999
10;1;1;90;4;8.199999
10;1;1;90;4;36.199999
10;1;1;90;4;71.199999
10;1;1;90;4;32.199999
10;1;1;90;4;50.199999
10;1;1;90;4;92.199999
10;1;1;90;4;78.199999
10;1;1;90;4;71.199999
10;1;1;90;4;113.199999
10;1;1;90;4;141.199999
10;1;1;90;4;22.199999
10;1;1;90;4;57.199999
10;1;1;90;4;15.199999
10;1;1;90;4;85.199999
10;1;1;90;4;71.199999
10;1;1;90;4;50.199999
10;1;1;90;4;15.199999
10;1;1;90;4;141.199999
10;1;1;90;4;120.199999
10;1;1;90;4;127.199999
10;1;1;90;4;169.199999
10;1;1;90;4;36.199999
10;1;3;181;7;165.299999
10;1;3;181;7;194.199999
10;1;1;90;6;5.249999
10;3;1;116;4;120.099999
10;3;1;92;9;134.899999
10;1;1;99;4;49.599999
10;3;3;141;4;562.599999
10;1;1;90;7;28.649999
10;1;3;90;4;211.349999
10;3;3;90;4;32.449999
10;1;3;90;4;201.199999
10;1;3;90;8;89.649999
10;3;3;166;6;364.799999
10;1;1;250;4;27.649999
10;1;3;166;4;286.749999
10;1;1;90;4;14.249999
10;3;1;158;8;114.399999
10;3;1;90;8;114.549999
10;3;3;90;4;226.599999
10;1;3;90;9;100.549999
10;1;1;90;9;17.899999
10;3;3;106;4;391.249999
10;1;3;90;7;151.999999
10;3;3;132;4;176.099999
10;1;3;133;4;132.499999
10;3;1;90;8;127.699999
10;1;1;169;4;13.949999
10;1;3;163;4;56.199999
10;3;1;116;4;109.849999
10;3;3;94;4;243.899999
10;3;3;90;4;202.649999
10;3;7;115;10;147.849999
10;3;1;90;4;147.999999
10;1;3;137;7;84.199999
10;1;6;113;9;21.449999
10;1;1;143;4;14.499999
10;1;3;90;4;42.549999
10;1;3;137;7;63.649999
10;1;1;123;4;7.749999
10;1;3;137;7;77.999999
10;1;5;90;13;169.549999
10;1;1;90;8;22.599999
10;3;1;90;6;115.699999
10;3;10;154;4;171.999999
10;1;3;137;7;37.599999
10;1;1;93;4;30.949999
10;3;1;136;4;103.749999
10;6;1;90;4;267.899999
10;3;3;128;7;153.199999
10;3;6;90;4;230.949999
10;3;3;173;4;142.149999
10;3;7;351;10;170.649999
10;3;7;90;6;108.449999
10;1;1;161;4;8.449999
10;3;1;121;4;115.849999
10;3;3;171;8;136.949999
10;3;1;111;4;102.699999
10;1;3;90;6;44.899999
10;3;3;117;6;180.849999
10;3;3;97;6;125.049999
10;3;1;165;4;100.299999
10;3;3;90;6;128.499999
10;1;5;103;19;71.149999
10;3;3;174;7;123.799999
10;3;3;160;9;123.849999
10;1;1;96;9;10.749999
10;1;6;211;4;95.399999
10;1;1;175;6;39.499999
10;3;1;239;4;106.299999
10;1;3;117;4;41.849999
10;3;1;90;4;108.349999
10;1;1;90;4;17.149999
10;1;3;90;9;40.699999
10;1;1;143;4;26.999999
10;5;1;191;13;214.249999
10;3;3;131;6;149.749999
10;1;7;90;4;21.999999
10;3;3;90;4;146.549999
10;1;3;158;8;40.349999
10;1;3;90;6;33.699999
10;3;3;98;4;136.749999
10;1;3;90;4;36.749999
10;1;3;98;4;50.999999
10;1;1;164;6;23.750000
10;1;3;90;4;40.800000
10;3;3;120;8;134.900000
10;3;3;114;6;144.950000
10;3;1;174;4;125.200000
10;3;3;153;8;153.850000
10;1;1;90;4;32.950000
10;3;7;90;13;140.500000
10;3;1;96;4;126.750000
10;3;1;90;8;127.200000
10;3;1;90;9;141.450000
10;1;3;103;4;48.500000
10;3;1;160;16;134.750000
10;3;3;150;4;143.050000
10;1;3;150;4;50.800000
10;1;1;407;4;37.200000
10;1;3;115;8;37.350000
10;3;3;90;4;137.850000
10;3;3;115;8;138.850000
10;3;3;99;6;146.300000
10;3;1;195;4;133.150000
10;1;6;272;9;40.750000
10;1;3;90;4;48.250000
10;1;7;174;8;35.500000
10;3;7;174;8;136.250000
10;3;1;90;8;136.400000
10;3;1;193;9;136.650000
10;3;5;261;12;151.250000
10;1;1;90;4;37.550000
10;3;1;90;4;137.600000
10;1;3;161;8;39.050000
10;3;1;90;7;140.550000
10;3;3;159;4;140.600000
10;1;1;90;6;41.850000
10;1;3;167;13;51.650000
10;3;3;106;6;151.750000
10;3;3;123;9;145.350000
10;3;3;105;9;146.700000
10;3;1;150;6;147.950000
10;3;1;162;6;148.100000
10;3;1;90;9;148.350000
10;1;6;209;4;48.750000
10;3;1;122;4;148.800000
10;1;8;90;6;49.000000
11;1;1;90;4;91.999998
11;1;1;90;4;63.999998
11;1;1;90;4;28.999998
11;1;1;90;4;0.999998
11;1;1;90;4;28.999998
11;1;1;90;4;63.999998
11;1;1;90;4;24.999998
11;1;1;90;4;42.999998
11;1;1;90;4;84.999998
11;1;1;90;4;77.999998
11;1;1;90;4;70.999998
11;1;1;90;4;105.999998
11;1;1;90;4;133.999998
11;1;1;90;4;14.999998
11;1;1;90;4;49.999998
11;1;1;90;4;7.999998
11;1;1;90;4;77.999998
11;1;1;90;4;63.999998
11;1;1;90;4;42.999998
11;1;1;90;4;7.999998
11;1;1;90;4;133.999998
11;1;1;90;4;112.999998
11;1;1;90;4;119.999998
11;1;1;90;4;161.999998
11;1;1;90;4;28.999998
11;1;3;181;7;165.099998
11;1;3;181;7;186.999998
11;3;1;116;4;112.899999
11;3;1;92;9;127.699999
11;1;1;99;4;42.399999
11;3;3;141;4;562.399999
11;1;1;90;7;21.449999
11;1;3;90;4;218.149999
11;3;3;90;4;32.249999
11;1;3;90;4;193.999999
11;1;3;90;8;89.449999
11;3;3;166;6;378.599999
11;1;1;250;4;20.449999
11;1;3;166;4;293.549999
11;1;1;90;4;14.049999
11;3;1;158;8;114.199999
11;3;1;90;8;107.349999
11;3;3;90;4;226.399999
11;1;3;90;9;107.349999
11;1;1;90;9;10.699999
11;3;3;106;4;391.049999
11;1;3;90;7;144.799999
11;3;3;132;4;168.899999
11;1;3;133;4;139.299999
11;3;1;90;8;120.499999
11;1;1;169;4;6.749999
11;1;3;163;4;48.999999
11;3;1;116;4;102.649999
11;3;3;94;4;236.699999
11;3;3;90;4;216.449999
11;3;7;115;10;140.649999
11;3;1;90;4;140.799999
11;1;3;137;7;76.999999
11;1;6;113;9;14.249999
11;1;1;143;4;7.299999
11;1;3;90;4;35.349999
11;1;3;137;7;77.449999
11;1;1;123;4;0.549999
11;1;3;137;7;70.799999
11;1;5;90;13;218.349999
11;1;1;90;8;15.399999
11;3;1;90;6;115.499999
11;3;10;154;4;164.799999
11;1;3;137;7;37.399999
11;1;1;93;4;30.749999
11;3;1;136;4;96.549999
11;6;1;90;4;260.699999
11;3;3;128;7;152.999999
11;3;6;90;4;223.749999
11;3;3;173;4;134.949999
11;3;7;351;10;163.449999
11;3;7;90;6;101.249999
11;1;1;161;4;1.249999
11;3;1;121;4;108.649999
11;3;3;171;8;136.749999
11;3;1;111;4;95.499999
11;1;3;90;6;44.699999
11;3;3;117;6;180.649999
11;3;3;97;6;131.849999
11;3;1;165;4;93.099999
11;3;3;90;6;135.299999
11;1;5;103;19;70.949999
11;3;3;174;7;123.599999
11;3;3;160;9;123.649999
11;1;1;96;9;3.549999
11;1;6;211;4;88.199999
11;1;1;175;6;32.299999
11;3;1;239;4;99.099999
11;1;3;117;4;48.649999
11;3;1;90;4;108.149999
11;1;1;90;4;16.949999
11;1;3;90;9;40.499999
11;1;1;143;4;19.799999
11;5;1;191;13;207.049999
11;3;3;131;6;142.549999
11;1;7;90;4;14.799999
11;3;3;90;4;139.349999
11;1;3;158;8;33.149999
11;1;3;90;6;33.499999
11;3;3;98;4;143.549999
11;1;3;90;4;43.549999
11;1;3;98;4;43.799999
11;1;1;164;6;16.549999
11;1;3;90;4;40.599999
11;3;3;120;8;127.699999
11;3;3;114;6;137.750000
11;3;1;174;4;118.000000
11;3;3;153;8;146.650000
11;1;1;90;4;25.750000
11;3;7;90;13;133.300000
11;3;1;96;4;119.550000
11;3;1;90;8;120.000000
11;3;1;90;9;134.250000
11;1;3;103;4;41.300000
11;3;1;160;16;127.550000
11;3;3;150;4;135.850000
11;1;3;150;4;50.600000
11;1;1;407;4;30.000000
11;1;3;115;8;37.150000
11;3;3;90;4;144.650000
11;3;3;115;8;138.650000
11;3;3;99;6;139.100000
11;3;1;195;4;132.950000
11;1;6;272;9;33.550000
11;1;3;90;4;41.050000
11;1;7;174;8;28.300000
11;3;7;174;8;129.050000
11;3;1;90;8;129.200000
11;3;1;193;9;129.450000
11;3;5;261;12;144.050000
11;1;1;90;4;37.350000
11;3;1;90;4;130.400000
11;1;3;161;8;45.850000
11;3;1;90;7;140.350000
11;3;3;159;4;140.400000
11;1;1;90;6;41.650000
11;1;3;167;13;44.450000
11;3;3;106;6;144.550000
11;3;3;123;9;152.150000
11;3;3;105;9;139.500000
11;3;1;150;6;140.750000
11;3;1;162;6;140.900000
11;3;1;90;9;141.150000
11;1;6;209;4;48.550000
11;3;1;122;4;141.600000
11;1;8;90;6;48.800000
11;1;1;90;11;43.150000
11;1;7;177;13;71.600000
11;1;7;177;13;64.700000
11;1;3;150;4;52.300000
11;1;3;152;7;52.950000
11;3;5;90;4;146.250000
11;3;1;171;17;147.000000
11;1;1;101;8;47.000000
11;3;1;110;4;147.150000
11;3;1;171;17;147.200000
11;3;3;159;4;148.750000
11;3;3;90;7;148.850000
12;1;1;90;4;91.849998
12;1;1;90;4;56.849998
12;1;1;90;4;21.849998
12;1;1;90;4;21.849998
12;1;1;90;4;56.849998
12;1;1;90;4;17.849998
12;1;1;90;4;35.849998
12;1;1;90;4;77.849998
12;1;1;90;4;70.849998
12;1;1;90;4;70.849998
12;1;1;90;4;98.849998
12;1;1;90;4;126.849998
12;1;1;90;4;7.849998
12;1;1;90;4;49.849998
12;1;1;90;4;0.849998
12;1;1;90;4;77.849998
12;1;1;90;4;56.849998
12;1;1;90;4;35.849998
12;1;1;90;4;0.849998
12;1;1;90;4;133.849998
12;1;1;90;4;112.849998
12;1;1;90;4;119.849998
12;1;1;90;4;154.849998
12;1;1;90;4;21.849998
12;1;3;181;7;157.949998
12;1;3;181;7;193.849998
12;3;1;116;4;105.749998
12;3;1;92;9;120.549998
12;1;1;99;4;35.249998
12;3;3;141;4;562.249998
12;1;1;90;7;14.299998
12;1;3;90;4;245.999998
12;3;3;90;4;39.099998
12;1;3;90;4;186.849998
12;1;3;90;8;89.299998
12;3;3;166;6;371.449999
12;1;1;250;4;20.299999
12;1;3;166;4;293.399999
12;1;1;90;4;6.899999
12;3;1;158;8;107.049999
12;3;1;90;8;107.199999
12;3;3;90;4;219.249999
12;1;3;90;9;100.199999
12;1;1;90;9;10.549999
12;3;3;106;4;383.899999
12;1;3;90;7;137.649999
12;3;3;132;4;175.749999
12;1;3;133;4;132.149999
12;3;1;90;8;113.349999
12;1;3;163;4;62.849999
12;3;1;116;4;102.499999
12;3;3;94;4;229.549999
12;3;3;90;4;209.299999
12;3;7;115;10;133.499999
12;3;1;90;4;133.649999
12;1;3;137;7;69.849999
12;1;6;113;9;7.099999
12;1;1;143;4;0.149999
12;1;3;90;4;42.199999
12;1;3;137;7;70.299999
12;1;3;137;7;63.649999
12;1;5;90;13;225.199999
12;1;1;90;8;8.249999
12;3;1;90;6;108.349999
12;3;10;154;4;157.649999
12;1;3;137;7;30.249999
12;1;1;93;4;30.599999
12;3;1;136;4;89.399999
12;6;1;90;4;253.549999
12;3;3;128;7;166.849999
12;3;6;90;4;223.599999
12;3;3;173;4;155.799999
12;3;7;351;10;156.299999
12;3;7;90;6;94.099999
12;3;1;121;4;101.499999
12;3;3;171;8;129.599999
12;3;1;111;4;95.349999
12;1;3;90;6;58.549999
12;3;3;117;6;187.499999
12;3;3;97;6;131.699999
12;3;1;165;4;85.949999
12;3;3;90;6;142.149999
12;1;5;103;19;63.799999
12;3;3;174;7;123.449999
12;3;3;160;9;123.499999
12;1;1;96;9;3.399999
12;1;6;211;4;81.049999
12;1;1;175;6;32.149999
12;3;1;239;4;91.949999
12;1;3;117;4;41.499999
12;3;1;90;4;100.999999
12;1;1;90;4;9.799999
12;1;3;90;9;33.349999
12;1;1;143;4;12.649999
12;5;1;191;13;199.899999
12;3;3;131;6;135.399999
12;1;7;90;4;7.649999
12;3;3;90;4;132.199999
12;1;3;158;8;25.999999
12;1;3;90;6;33.349999
12;3;3;98;4;136.399999
12;1;3;90;4;36.399999
12;1;3;98;4;36.649999
12;1;1;164;6;16.399999
12;1;3;90;4;40.449999
12;3;3;120;8;120.549999
12;3;3;114;6;137.599999
12;3;1;174;4;110.849999
12;3;3;153;8;146.499999
12;1;1;90;4;18.599999
12;3;7;90;13;126.149999
12;3;1;96;4;112.399999
12;3;1;90;8;112.849999
12;3;1;90;9;127.099999
12;1;3;103;4;34.149999
12;3;1;160;16;120.399999
12;3;3;150;4;135.699999
12;1;3;150;4;43.449999
12;1;1;407;4;36.849999
12;1;3;115;8;36.999999
12;3;3;90;4;144.500000
12;3;3;115;8;131.500000
12;3;3;99;6;131.950000
12;3;1;195;4;125.800000
12;1;6;272;9;26.400000
12;1;3;90;4;33.900000
12;1;7;174;8;21.150000
12;3;7;174;8;121.900000
12;3;1;90;8;122.050000
12;3;1;193;9;122.300000
12;3;5;261;12;136.900000
12;1;1;90;4;30.200000
12;3;1;90;4;123.250000
12;1;3;161;8;38.700000
12;3;1;90;7;133.200000
12;3;3;159;4;133.250000
12;1;1;90;6;34.500000
12;1;3;167;13;44.300000
12;3;3;106;6;137.400000
12;3;3;123;9;166.000000
12;3;3;105;9;132.350000
12;3;1;150;6;133.600000
12;3;1;162;6;133.750000
12;3;1;90;9;134.000000
12;1;6;209;4;41.400000
12;3;1;122;4;134.450000
12;1;8;90;6;41.650000
12;1;1;90;11;43.000000
12;1;7;177;13;64.450000
12;1;7;177;13;57.550000
12;1;3;150;4;45.150000
12;1;3;152;7;45.800000
12;3;5;90;4;139.100000
12;3;1;171;17;139.850000
12;1;1;101;8;39.850000
12;3;1;110;4;140.000000
12;3;1;171;17;140.050000
12;3;3;159;4;141.600000
12;3;3;90;7;141.700000
12;3;3;167;6;144.200000
12;1;7;291;4;65.800000
12;1;3;90;4;45.650000
12;3;3;90;4;146.100000
12;1;10;90;4;60.550000
12;3;5;147;4;154.350000
12;1;7;90;14;49.900000
